[0.07666343 0.13427375 0.16529132 0.1148204  0.09568035 0.11724835
 0.09828056 0.11739698 0.0860497  0.1404793  0.12523003 0.13114293
 0.08939975 0.09770196 0.07641273 0.10984451 0.17070995 0.12576924
 0.10505023 0.10623716 0.09471345 0.09368216 0.10517761 0.08477466
 0.12381583 0.11216801 0.12192263 0.10739357 0.06095726 0.08842339
 0.09191719 0.14293993 0.11112516 0.07907531 0.0946686  0.05687065
 0.10845578 0.11174642 0.13564879 0.11177696 0.12283178 0.12880524
 0.10743676 0.07442687 0.07058296 0.12815148 0.12370436 0.10336529
 0.1153185  0.06978396 0.08894604 0.10116408 0.16512312 0.15485585
 0.1417875  0.10587768 0.10039976 0.12028174 0.08011631 0.07824947
 0.11000247 0.09562784 0.10090034 0.1335309  0.0885274  0.10793608
 0.16504753 0.10986219 0.15937373 0.13156985 0.14204957 0.14048538
 0.10336303 0.07244673 0.11754376 0.10623148 0.12643282 0.10670817
 0.15481032 0.1162203  0.06959011 0.11138126 0.0686367  0.125425
 0.1630078 ]
[-0.08358216 -0.08303215 -0.10904735 -0.12819953 -0.08607589 -0.11238127
 -0.07991712 -0.10362756 -0.066932   -0.12411311 -0.09482705 -0.11573353
 -0.14727376 -0.14014642 -0.10929805 -0.0865208  -0.14278297 -0.09579466
 -0.10073595 -0.13047941 -0.09360305 -0.12918356 -0.10320124 -0.10354865
 -0.1202643  -0.08505349 -0.09639847 -0.07630452 -0.07056758 -0.13165334
 -0.07309069 -0.12705925 -0.09438857 -0.11235533 -0.0979464  -0.0989666
 -0.09723228 -0.0717207  -0.16876021 -0.1308377  -0.11192599 -0.08288282
 -0.14668089 -0.09177641 -0.10081825 -0.11699342 -0.10403773 -0.09959559
 -0.08257999 -0.08342089 -0.13700296 -0.08425692 -0.10511295 -0.11940216
 -0.10925095 -0.11739662 -0.12326615 -0.11828357 -0.08437373 -0.11839638
 -0.12358607 -0.12987803 -0.10428698 -0.1282173  -0.09218423 -0.09211245
 -0.11022592 -0.12205689 -0.12528494 -0.1156062  -0.09785844 -0.10887162
 -0.09550327 -0.0907534  -0.10618677 -0.08844581 -0.11548029 -0.13200158
 -0.14462063 -0.11408605 -0.09015241 -0.10281549 -0.06736702 -0.09354225
 -0.15609041]
[58 58 58 58 58 58 58 58 58 58 58 58 59 45 58 58 58 58 58 58 58 58 58 73
 58 58 58 58 45 58 58 58 58 58 13 25 13 58 58 49 58 58 58 58 37 58 58 29
 58 31 58 58 58 29 29 58 58 58 12 58 58 58 58 77 58 58 58 58 58 58 58 58
 58 29 58 58 58 58 58 49 58 58 58 58 58]
[0.08246169 0.08935539 0.13477084 0.11549624 0.1030068  0.11425558
 0.08695611 0.10972067 0.07304099 0.12832825 0.10440996 0.09282073
 0.14273629 0.14360261 0.08836967 0.10262457 0.13131101 0.09895686
 0.10603485 0.12888584 0.09712014 0.14058802 0.11253501 0.09833089
 0.10760476 0.09482955 0.12298109 0.10059315 0.0849634  0.09766584
 0.10638762 0.13415247 0.14295629 0.08843111 0.08519591 0.10186455
 0.11636268 0.0694604  0.11726216 0.13557686 0.08458515 0.10253081
 0.1792315  0.08457966 0.07479975 0.17783217 0.11233389 0.11488039
 0.08676808 0.07897296 0.11807184 0.11564572 0.131977   0.14391804
 0.13736074 0.07811967 0.11537407 0.11723623 0.08537377 0.11612049
 0.09974923 0.09179739 0.10569681 0.12223033 0.07414784 0.08892804
 0.09349691 0.11648024 0.12167852 0.11675502 0.11530972 0.11840205
 0.08585378 0.14051916 0.08060626 0.1095797  0.11452471 0.13770787
 0.1370555  0.13683292 0.1197239  0.09667096 0.08087103 0.09936766
 0.13526066]
[-0.08093204 -0.06573859 -0.11172913 -0.08930504 -0.10590805 -0.08855242
 -0.06697706 -0.10794746 -0.04999319 -0.10948764 -0.07637572 -0.11795835
 -0.07057504 -0.15344217 -0.07686485 -0.08810364 -0.13742481 -0.10389049
 -0.10838228 -0.13953574 -0.10136994 -0.09983218 -0.11446317 -0.11543682
 -0.09589411 -0.06572484 -0.09631796 -0.07539474 -0.06541154 -0.09493947
 -0.10534815 -0.13486172 -0.11038563 -0.07192233 -0.11328717 -0.05547755
 -0.12035491 -0.06596245 -0.11907697 -0.08081122 -0.07831488 -0.0958324
 -0.12510541 -0.08800032 -0.10497037 -0.13046966 -0.12619862 -0.07264452
 -0.11360364 -0.07833768 -0.0815228  -0.12477198 -0.15737058 -0.10726687
 -0.10107974 -0.08877061 -0.08855351 -0.10961956 -0.07457075 -0.11298181
 -0.08345688 -0.099602   -0.12035614 -0.09923024 -0.10480103 -0.13873377
 -0.09111479 -0.07255108 -0.13044448 -0.11183749 -0.12135419 -0.09979329
 -0.08618873 -0.10698806 -0.08496099 -0.0933329  -0.12540026 -0.10570017
 -0.16285336 -0.11849192 -0.11113281 -0.08833939 -0.06168726 -0.08915889
 -0.12663369]
[ 6 23  6  8 21  6 36 54  4  6 21  1  6 41 23  6  7 62 21 52 52 23  6 27
 22  6 58  6  4 52  6 23 54  6 58 58  6 58 22 31  6 38  6  4 21 52  4 52
 23 21 23 54  6  8 52 41 35 52 33 52  6 23 70 54  1 23  6 54  6  6 23 68
 15 52 58 23 21  8  4 31 21 31 21 23 23]

[0.13117641 0.20138846 0.22954473 0.16954501 0.14943615 0.18298241
 0.16075046 0.19851188 0.14050856 0.1988023  0.17840444 0.18441862
 0.10344762 0.15090702 0.12741649 0.16720574 0.24029449 0.19700325
 0.1661501  0.17132509 0.15179498 0.15428196 0.17075256 0.13146943
 0.18862313 0.16867127 0.187064   0.16586414 0.10430541 0.13746358
 0.14743425 0.2091314  0.16605961 0.12710434 0.15484202 0.07743234
 0.1406456  0.16459647 0.18711892 0.16823447 0.17764316 0.19098535
 0.15940775 0.13195814 0.12429741 0.1975989  0.18733884 0.15052411
 0.17234465 0.11327235 0.1256427  0.16404583 0.23283766 0.17289948
 0.17573076 0.15524368 0.15920754 0.18205446 0.09915441 0.13151474
 0.16813415 0.15504393 0.16425978 0.1879054  0.14180787 0.15729204
 0.23032711 0.17248265 0.22101255 0.20624459 0.20476788 0.21027555
 0.15423577 0.10740336 0.17802508 0.17142427 0.17548841 0.1602808
 0.21587455 0.16829625 0.12542056 0.16766514 0.12538253 0.18481086
 0.23860775]
[-0.10815477 -0.13196556 -0.1479252  -0.16055724 -0.09068277 -0.13983634
 -0.12211981 -0.15112506 -0.10372334 -0.16288495 -0.13269706 -0.1391217
 -0.15640578 -0.15893072 -0.14350493 -0.1016432  -0.17981833 -0.14332764
 -0.11970561 -0.15262438 -0.11976776 -0.16807938 -0.1150832  -0.12904595
 -0.15130289 -0.10387556 -0.13464671 -0.10116215 -0.08692245 -0.16506533
 -0.0923745  -0.17542055 -0.12261568 -0.1323904  -0.12007296 -0.11011914
 -0.13685824 -0.09122059 -0.18901886 -0.16160029 -0.15167251 -0.11516136
 -0.15891762 -0.12399679 -0.1068871  -0.16320348 -0.12823644 -0.12280563
 -0.12176453 -0.11851206 -0.14224699 -0.11147467 -0.14175671 -0.15221259
 -0.13147645 -0.1350274  -0.13173828 -0.16415928 -0.1061196  -0.12105773
 -0.14885099 -0.13747986 -0.13359886 -0.16182286 -0.11300026 -0.13037714
 -0.12141795 -0.15249047 -0.16330728 -0.16565543 -0.12969173 -0.14350519
 -0.12684216 -0.10972732 -0.11507644 -0.10867409 -0.14551127 -0.17090361
 -0.1651319  -0.12996344 -0.1222714  -0.12256453 -0.10032873 -0.12718235
 -0.19343835]
[58 58 58 58 58 58 58 58 58 58 58 58 59 58 58 58 58 58 58 58 58 58 58 58
 58 58 58 58 58 58 58 58 58 58 58 58 58 58 58 58 58 58 58 58 58 58 58 58
 58 58 58 58 58 29 58 58 58 58 58 58 58 58 58 58 58 58 58 58 58 58 58 58
 58 58 58 58 58 58 58 58 58 58 58 58 58]
[0.09747231 0.10725906 0.16024086 0.14147617 0.11830626 0.13880968
 0.12021751 0.12525101 0.08782101 0.15011257 0.12184981 0.09066432
 0.15650253 0.1520327  0.10345465 0.11840496 0.15376562 0.1177884
 0.12350147 0.1417118  0.11272645 0.15561204 0.13562372 0.1045064
 0.13138174 0.11435441 0.14540523 0.1192668  0.0958818  0.11073039
 0.12029444 0.15352431 0.1542155  0.10242524 0.10305665 0.11499204
 0.13538256 0.08330385 0.13556954 0.17248827 0.09782802 0.11610416
 0.19683361 0.10026748 0.08930229 0.19236596 0.12696023 0.1258114
 0.09976155 0.08781868 0.13390142 0.13019784 0.15300578 0.1713806
 0.1582878  0.08120681 0.12674634 0.13475293 0.08543029 0.13166909
 0.116917   0.11085745 0.1105355  0.13660228 0.08051363 0.10353182
 0.11222945 0.12966481 0.14107202 0.1389578  0.13505566 0.13442914
 0.09996994 0.15623671 0.09709176 0.13061436 0.13060746 0.16982031
 0.1472496  0.16742274 0.13886733 0.12509678 0.0978454  0.11869106
 0.15367182]
[-0.08783508 -0.08726541 -0.13488597 -0.10885124 -0.11586016 -0.10767919
 -0.08742691 -0.1348158  -0.05885394 -0.12632363 -0.09360756 -0.12736319
 -0.0948186  -0.17458145 -0.09971139 -0.10762295 -0.1578632  -0.1305241
 -0.12797982 -0.14943273 -0.12493676 -0.10300454 -0.12690619 -0.13836999
 -0.11959819 -0.08429905 -0.11637645 -0.09769527 -0.07445806 -0.1119682
 -0.11198072 -0.15614088 -0.12507133 -0.08858073 -0.13520467 -0.06840858
 -0.1417307  -0.08585238 -0.13837369 -0.10319018 -0.08859646 -0.10722765
 -0.11847878 -0.10843113 -0.124125   -0.15193088 -0.14726661 -0.08066964
 -0.1339611  -0.09625736 -0.09650982 -0.12176674 -0.18635209 -0.12294767
 -0.11669636 -0.11124939 -0.10630219 -0.13607897 -0.08487988 -0.13334796
 -0.09521842 -0.12406653 -0.14792216 -0.11440907 -0.12999828 -0.15608917
 -0.11651682 -0.08734193 -0.15335687 -0.12270758 -0.12708691 -0.12672712
 -0.1016781  -0.12385915 -0.1034674  -0.11090274 -0.14210133 -0.12140948
 -0.17495355 -0.14368191 -0.13742422 -0.10472543 -0.07098408 -0.11471012
 -0.1384961 ]
[ 6 31  6  8 21  6  8 54  6  6 21  1  6 41 23  6  7 62 21 52 52 23  6 27
 22  6 58  6  4 52  6 23 54  6 58 58  6 58 22 31  6 21  6  8 21 52  4 52
 23 21 23 22  6  8 22 36 23 15 33 52  6 23 70 54  1 23  6 54  6  6 23 68
 15 52 58 23 21  8  4 31 21 31 21 23 23]

[0.16144344 0.23843113 0.26299593 0.20080295 0.18218155 0.22050777
 0.20012489 0.24409343 0.16829032 0.23210214 0.20781806 0.21647689
 0.12694812 0.18646505 0.15789038 0.19887142 0.28072578 0.23455074
 0.20162795 0.20764558 0.18483987 0.1918184  0.2061609  0.16240133
 0.22504835 0.20388457 0.22520715 0.20217074 0.13134229 0.16867621
 0.17891431 0.24980213 0.19829053 0.15668656 0.18966852 0.09912817
 0.17608738 0.19443277 0.21535854 0.2013461  0.20683734 0.22770374
 0.18900812 0.16363947 0.15788102 0.23393641 0.22460766 0.18331127
 0.20361839 0.14038579 0.15378642 0.2029715  0.27342126 0.19842772
 0.20876616 0.18472861 0.1948364  0.21543458 0.12472752 0.1619501
 0.20184527 0.19086523 0.1984659  0.22443008 0.17130883 0.18606755
 0.26707417 0.20833953 0.25442088 0.25088483 0.24233243 0.24999142
 0.18303266 0.13593034 0.21543437 0.20808612 0.20296693 0.19140011
 0.24916284 0.20399962 0.1585375  0.20290402 0.15791787 0.22007692
 0.27886504]
[-0.12077914 -0.15419535 -0.16524002 -0.1722467  -0.10578404 -0.15380847
 -0.14260326 -0.17859232 -0.11989497 -0.18150133 -0.1499395  -0.1572395
 -0.1617673  -0.16835615 -0.15968192 -0.11036538 -0.20498924 -0.16492885
 -0.12961891 -0.16981858 -0.14000101 -0.18067785 -0.1344707  -0.14518104
 -0.17121778 -0.11551029 -0.15569119 -0.11590468 -0.10101835 -0.18510789
 -0.11230601 -0.19954102 -0.14163366 -0.14597048 -0.1321071  -0.12159958
 -0.15593696 -0.10104719 -0.2006801  -0.17525822 -0.16920768 -0.13366906
 -0.16264234 -0.14176899 -0.11157945 -0.18270673 -0.15009734 -0.14395332
 -0.13935491 -0.13154049 -0.14423849 -0.13375121 -0.16449517 -0.16814749
 -0.14510521 -0.14350925 -0.13704719 -0.1835152  -0.11608969 -0.13212572
 -0.16398409 -0.14129813 -0.15318534 -0.18269016 -0.12185834 -0.14836666
 -0.1438716  -0.17102887 -0.18259038 -0.18917628 -0.14905529 -0.15852003
 -0.1436053  -0.12404395 -0.13615005 -0.12853912 -0.15793073 -0.1927083
 -0.17559387 -0.14608987 -0.14030653 -0.13612384 -0.1142431  -0.14298533
 -0.21208963]
[58 58 58 58 58 58 58 58 58 58 58 58 58 58 58 58 58 58 58 58 58 58 58 58
 58 58 58 58 58 58 58 58 58 58 58 58 58 58 58 58 58 58 58 58 58 58 58 58
 58 58 58 58 58 58 58 58 58 58 58 58 58 58 58 58 58 58 58 58 58 58 58 58
 58 58 58 58 58 58 58 58 58 58 58 58 58]
[0.10080156 0.11354811 0.16494298 0.14590646 0.12180146 0.14398068
 0.12582467 0.12992062 0.09159365 0.15471646 0.12554084 0.09113736
 0.16006601 0.15370482 0.10687618 0.12190416 0.15823784 0.12292866
 0.12647611 0.1442242  0.1156812  0.15867777 0.1410931  0.10549434
 0.1361965  0.11873602 0.14981753 0.12373328 0.09761052 0.11330163
 0.12404996 0.15668036 0.15785179 0.10596366 0.10741312 0.11794546
 0.13937464 0.08617856 0.13922325 0.17814435 0.10144899 0.12064891
 0.20093644 0.10677591 0.09277441 0.1949758  0.12944627 0.12753084
 0.10200962 0.09053187 0.13690239 0.13466755 0.1577186  0.17605713
 0.16255252 0.08334257 0.13121727 0.1385594  0.0850478  0.13435194
 0.12136904 0.11361381 0.11262108 0.14079253 0.08226182 0.10613795
 0.1167115  0.13323946 0.14530523 0.14431474 0.13861756 0.13857226
 0.10351752 0.15944327 0.10124353 0.13451639 0.13436878 0.17558664
 0.14898674 0.17310886 0.14269403 0.12995778 0.10191774 0.12174464
 0.15707085]
[-0.09208283 -0.09130333 -0.13961902 -0.11251701 -0.11866932 -0.11192837
 -0.09208782 -0.14037097 -0.06021688 -0.12899877 -0.0955773  -0.13056241
 -0.09955901 -0.17847078 -0.10438567 -0.11051535 -0.16289653 -0.1356265
 -0.13220277 -0.1518319  -0.1299335  -0.1050524  -0.12943016 -0.14295986
 -0.12501833 -0.08751386 -0.1230479  -0.1018618  -0.07759831 -0.11575743
 -0.11412735 -0.16045846 -0.12858708 -0.09164388 -0.13928379 -0.07136735
 -0.14556313 -0.08918124 -0.14210506 -0.10744857 -0.0929351  -0.11079818
 -0.12080623 -0.11240797 -0.12749103 -0.1552851  -0.15157458 -0.08370478
 -0.13778049 -0.10002277 -0.10036114 -0.12319113 -0.1925328  -0.12717065
 -0.12021391 -0.11567456 -0.11121669 -0.14040253 -0.08811374 -0.13769038
 -0.09865803 -0.12918037 -0.15293851 -0.117824   -0.13433397 -0.15965664
 -0.12141084 -0.09066566 -0.15722491 -0.12582697 -0.1291739  -0.13206838
 -0.1052026  -0.12774573 -0.10836951 -0.11485547 -0.14534898 -0.12530966
 -0.17784093 -0.14945666 -0.14201322 -0.10780687 -0.07460162 -0.11984317
 -0.14309984]
[ 6 31  6  8 21  6  8 54  6  6 21  1 31 41  8  6  7  8 21 52 52 23  6  6
 22  6 58  6  4 52  6 23 54  6 58 58  6 58 22 31  6 21  6  8 21 52  4 52
 23 21 23 22  6  8 22 36 23 15 33 52  6 23 22 54 15 23  6 54  6  6 23 68
 15 52 58 23 21  8  4 31 21 31 21 23 23]

[0.17578134 0.2546527  0.27716148 0.21511269 0.19821048 0.2369276
 0.21686341 0.26334926 0.18040848 0.24829355 0.21960989 0.23024687
 0.14013994 0.20262119 0.17181093 0.21251617 0.29936236 0.24974439
 0.21690725 0.22373866 0.19899087 0.20812419 0.22137451 0.17571196
 0.24094747 0.2187592  0.24214152 0.21857385 0.14290158 0.18335854
 0.19261348 0.26769304 0.21264476 0.169542   0.20484847 0.10908104
 0.19328088 0.20842272 0.22809505 0.21592405 0.21909302 0.24317135
 0.20240562 0.17614308 0.17169414 0.2499753  0.24020918 0.19737995
 0.21802811 0.15191549 0.16370782 0.21999756 0.2915996  0.21090071
 0.22290453 0.19678909 0.2100574  0.23026216 0.13110222 0.17558451
 0.21695438 0.20683387 0.21313363 0.2401035  0.18435661 0.19870579
 0.28503305 0.22504058 0.26899123 0.27008313 0.25788084 0.26796418
 0.19501758 0.14851558 0.23154609 0.22549234 0.2154684  0.20496465
 0.26383203 0.21983552 0.17303315 0.21970172 0.17407115 0.23615472
 0.29620075]
[-0.13071972 -0.16371481 -0.17205855 -0.1788691  -0.11603293 -0.16223308
 -0.15164906 -0.19124539 -0.12703086 -0.19013268 -0.1572833  -0.16508217
 -0.16427499 -0.17347553 -0.16696428 -0.11664999 -0.21613617 -0.1741669
 -0.13574748 -0.17944363 -0.14931057 -0.18851532 -0.14388901 -0.15453961
 -0.18104114 -0.12197649 -0.16731736 -0.12466618 -0.10698393 -0.19551514
 -0.12091404 -0.21023192 -0.15187015 -0.15381622 -0.13932556 -0.12684259
 -0.16523999 -0.10856663 -0.20572041 -0.18281749 -0.17662938 -0.1420141
 -0.1655113  -0.14907604 -0.11733106 -0.19136013 -0.16152345 -0.15328203
 -0.14713535 -0.13659067 -0.14498502 -0.14440195 -0.17445728 -0.1750709
 -0.1550761  -0.14810531 -0.13894358 -0.19216599 -0.12159714 -0.13726437
 -0.17290398 -0.14262924 -0.16277047 -0.19132495 -0.12604809 -0.1561586
 -0.15606607 -0.18123934 -0.19156516 -0.19954869 -0.15938108 -0.1707141
 -0.1515075  -0.13210726 -0.1465906  -0.13919342 -0.16435984 -0.20359261
 -0.18020307 -0.15262552 -0.1482512  -0.14458159 -0.12151718 -0.1522441
 -0.22093026]
[58 58 58 58 58 58 58 58 58 58 58 58 58 58 58 58 58 58 58 58 58 58 58 58
 58 58 58 58 58 58 58 58 58 58 58 58 58 58 58 58 58 58 58 58 58 58 58 58
 58 58 58 58 58 58 58 58 58 58 58 58 58 58 58 58 58 58 58 58 58 58 58 58
 58 58 58 58 58 58 58 58 58 58 58 58 58]
[0.11159887 0.13108559 0.17853217 0.15682414 0.13494903 0.15823445
 0.13876383 0.14455898 0.10188071 0.16827227 0.13450955 0.09287664
 0.17270924 0.158216   0.11630899 0.13172147 0.17014804 0.1373718
 0.13393898 0.14857163 0.12176729 0.16815875 0.1552329  0.11551068
 0.14863288 0.13073437 0.1612125  0.13687088 0.10234302 0.12506747
 0.13493347 0.16476503 0.17091344 0.11619963 0.11776529 0.12627152
 0.15074585 0.09475224 0.14937924 0.19409807 0.11107815 0.1321881
 0.21291879 0.12091541 0.10114777 0.20000342 0.13596931 0.14338051
 0.1071801  0.09650631 0.1440292  0.14833188 0.17133963 0.18750243
 0.17541812 0.08695272 0.14213093 0.14867531 0.08531126 0.1392764
 0.13393483 0.12012608 0.12201014 0.15164578 0.08980942 0.11261812
 0.12953368 0.14431676 0.1577826  0.15902409 0.14799355 0.14951761
 0.11271916 0.16616823 0.11140235 0.14465928 0.14318213 0.18876453
 0.15375929 0.18863247 0.15218788 0.14440212 0.1124211  0.12921907
 0.16579682]
[-0.10529656 -0.10173339 -0.15315077 -0.12317859 -0.1268812  -0.12516634
 -0.10277764 -0.15681013 -0.06306458 -0.13602681 -0.09883808 -0.14302662
 -0.10940909 -0.18864891 -0.11726277 -0.1180083  -0.17798904 -0.14959912
 -0.14434858 -0.15825334 -0.14485508 -0.11126692 -0.13600276 -0.15581618
 -0.13851039 -0.09475668 -0.14164597 -0.11134664 -0.08697741 -0.1253982
 -0.12867261 -0.1739723  -0.14045128 -0.10143541 -0.1518984  -0.07973012
 -0.15484786 -0.09772546 -0.15155332 -0.11731988 -0.10500163 -0.12273119
 -0.1276091  -0.12140429 -0.13887575 -0.1635048  -0.16438766 -0.09211832
 -0.14734828 -0.11116678 -0.1084196  -0.13492581 -0.20935866 -0.1376877
 -0.12939301 -0.12807137 -0.12500504 -0.1510801  -0.09365282 -0.15018722
 -0.10652061 -0.14364009 -0.16484825 -0.12613247 -0.14345197 -0.1705682
 -0.13632646 -0.1004172  -0.16622986 -0.1365901  -0.13565439 -0.14792639
 -0.11441781 -0.13803524 -0.12247454 -0.12570788 -0.15410592 -0.13638814
 -0.18773629 -0.16620961 -0.15290603 -0.11693457 -0.08352408 -0.13555908
 -0.15654452]
[ 6 31  6  8  6  6  8 54  6  6 21  1 31 41  8  6  7  8 21 52 52 23  6  6
 22  6 58  6  4  8  6 23 54  6 58 58  6 31 22 31  6 21  6  8 21 52  4  8
 23 21 23 22  6  8 22 36 23 15  8 52  6 23 22 54 15  8  6 54  8  6 23 68
 15 52 58 23 21  8  4 31 21 31 21 23 23]

[0.1917374  0.27223647 0.29225558 0.23060048 0.21602188 0.25432763
 0.23493032 0.2835366  0.19337174 0.2652883  0.23233896 0.24495988
 0.15427534 0.22025375 0.1864273  0.22709066 0.31934947 0.26614878
 0.23374127 0.24184373 0.21497495 0.22535917 0.23799473 0.19018307
 0.25841266 0.23437451 0.26035765 0.23566128 0.155104   0.1992492
 0.20732695 0.2863797  0.22797787 0.1829518  0.22097918 0.12026305
 0.2116968  0.22305304 0.24187112 0.23147792 0.23227067 0.2595802
 0.2169746  0.1900475  0.1864459  0.26685396 0.25686738 0.21263514
 0.23354237 0.16410537 0.17595936 0.23821846 0.31113505 0.22427624
 0.23799519 0.20975088 0.2275971  0.2459384  0.13857307 0.19021182
 0.23284039 0.22402722 0.22899966 0.2572503  0.19856453 0.2116593
 0.30435207 0.24355996 0.2845419  0.29068488 0.27411997 0.2869274
 0.20824766 0.1625829  0.24933346 0.24339181 0.228744   0.2215043
 0.27970564 0.23725504 0.18988384 0.23895743 0.19076873 0.25303656
 0.31475356]
[-0.14068532 -0.17344937 -0.17920226 -0.18669209 -0.12776104 -0.17058456
 -0.16080718 -0.20481512 -0.13408968 -0.19867466 -0.1644849  -0.17293608
 -0.16828173 -0.180349   -0.17429182 -0.12674671 -0.2273739  -0.18332171
 -0.14652182 -0.18968326 -0.15992664 -0.19673774 -0.15422232 -0.16412276
 -0.19177958 -0.12957945 -0.1786843  -0.13658296 -0.11303843 -0.2069006
 -0.12960391 -0.22071753 -0.1623792  -0.16213039 -0.14681686 -0.13272278
 -0.17471352 -0.11686219 -0.21113995 -0.19230029 -0.18418501 -0.15169744
 -0.16770092 -0.15632994 -0.12336079 -0.20035374 -0.17364298 -0.16259004
 -0.15513435 -0.14199227 -0.146218   -0.15598571 -0.18446232 -0.18207169
 -0.16534856 -0.15343015 -0.1416704  -0.20013745 -0.12643912 -0.14356497
 -0.1820727  -0.14926511 -0.17249054 -0.19989215 -0.135212   -0.16359563
 -0.16942611 -0.19183841 -0.20043784 -0.20984215 -0.16970184 -0.18219575
 -0.16006544 -0.1413505  -0.1579418  -0.15120314 -0.17196716 -0.21661913
 -0.18589993 -0.16168666 -0.15703918 -0.15625785 -0.12995222 -0.16372922
 -0.23064604]
[58 58 58 58 58 58 58 58 58 58 58 58 58 58 58 58 58 58 58 58 58 58 58 58
 58 58 58 58 58 58 58 58 58 58 58 58 58 58 58 58 58 58 58 58 58 58 58 58
 58 58 58 58 58 58 58 58 58 58 58 58 58 58 58 58 58 58 58 58 58 58 58 58
 58 58 58 58 58 58 58 58 58 58 58 58 58]
[0.11711787 0.14058653 0.18472558 0.16182391 0.1424015  0.164758
 0.14447793 0.15100016 0.10624359 0.17514946 0.1384488  0.09437095
 0.17973688 0.16125569 0.12054718 0.13670719 0.17523253 0.14346707
 0.13771378 0.1502095  0.12365801 0.17245929 0.16154085 0.12078032
 0.15488133 0.13605163 0.16676389 0.14381298 0.10445157 0.13107957
 0.14032784 0.16877428 0.17672212 0.12119616 0.12237073 0.1301699
 0.15674633 0.10172608 0.15384603 0.20299593 0.11560917 0.1366801
 0.21897882 0.12680227 0.10391532 0.20273338 0.13903536 0.15056905
 0.10968623 0.0980609  0.14685805 0.15439272 0.17855607 0.192523
 0.18147469 0.08857383 0.14682254 0.15472813 0.08929723 0.14149569
 0.1401824  0.12325972 0.12750946 0.15651536 0.09388438 0.11800562
 0.13650806 0.1491999  0.16416483 0.16604832 0.15191695 0.15366252
 0.11728165 0.16948171 0.11556272 0.14958248 0.1472751  0.19504075
 0.15573367 0.19735579 0.1564904  0.1525659  0.11765017 0.13245837
 0.17005847]
[-0.11190589 -0.10676079 -0.15958995 -0.1287761  -0.13082983 -0.13216195
 -0.1072642  -0.16537088 -0.06429478 -0.1395464  -0.10073322 -0.14909273
 -0.1150512  -0.19493352 -0.12376843 -0.12237786 -0.1841715  -0.15536943
 -0.15067455 -0.16213521 -0.15194777 -0.1139219  -0.14000447 -0.16208659
 -0.1454001  -0.10033586 -0.15049174 -0.1178985  -0.09086803 -0.13029256
 -0.13525519 -0.1808921  -0.14559516 -0.10642099 -0.15815149 -0.08405197
 -0.16035524 -0.10171264 -0.15728751 -0.1230222  -0.11083248 -0.12736735
 -0.13050075 -0.12819852 -0.14516157 -0.16745837 -0.1709573  -0.09537425
 -0.15281203 -0.11647625 -0.11304752 -0.14170878 -0.21721886 -0.14292975
 -0.13437717 -0.13453986 -0.13074107 -0.15718172 -0.09612273 -0.15684043
 -0.1116951  -0.15148881 -0.17169501 -0.13097939 -0.14804292 -0.17647716
 -0.14391483 -0.10504866 -0.17137054 -0.14539935 -0.1380534  -0.1558499
 -0.11971398 -0.14341618 -0.12952136 -0.1303296  -0.15788291 -0.14103232
 -0.19317034 -0.17429157 -0.15917611 -0.1225456  -0.08828981 -0.14310291
 -0.16328023]
[ 6 31  6  8  6  6  8 54  6  6 21 22 31 41  8  6  7  8 21 52 52 23  6  6
 22  6 58  6  4  8  6 23 54  6 58 58  6 31 22 31  6 21  6  8 21 52  4  8
 23 21 23 22  6  8 22 36 23  6  8 52  6 23 22 54 15  8  6 54  8  6 23 68
 15 52 58 23 21  8  4 31 21 31 21 23 23]

[0.20379992 0.2853074  0.30356163 0.24269426 0.22876203 0.26765046
 0.24844375 0.29887044 0.20338833 0.27759412 0.2420019  0.25628373
 0.16574663 0.23372434 0.19758137 0.23849438 0.33516154 0.2789126
 0.24674271 0.25583977 0.22685201 0.23891392 0.25085145 0.20212
 0.272673   0.2462755  0.27388036 0.24872726 0.16508868 0.21142378
 0.21906535 0.30055487 0.24081267 0.19337268 0.23339428 0.12914206
 0.22492337 0.23384799 0.25237152 0.24361153 0.24258877 0.2723187
 0.22857721 0.20107675 0.19799723 0.27985653 0.2712438  0.22428031
 0.2445404  0.17352532 0.18648306 0.25175312 0.32598788 0.23500517
 0.24976563 0.22067763 0.24097706 0.2579915  0.14673842 0.20152842
 0.24541318 0.23703875 0.24166334 0.27015483 0.20922986 0.2216406
 0.31927887 0.2576282  0.29672748 0.3056172  0.28653362 0.30183417
 0.21803029 0.17393441 0.26334038 0.25811887 0.23917471 0.23485348
 0.29191464 0.25072637 0.20310156 0.2530239  0.20358358 0.26572138
 0.32896814]
[-0.14660804 -0.1806168  -0.1835934  -0.19132255 -0.13648988 -0.17698683
 -0.16762294 -0.21543176 -0.13939904 -0.20493767 -0.1699165  -0.17892964
 -0.17134874 -0.19001545 -0.17989841 -0.13479537 -0.23638183 -0.19023941
 -0.15515886 -0.19759776 -0.16825472 -0.20270783 -0.16243091 -0.17025773
 -0.19898729 -0.13535382 -0.18570241 -0.14615226 -0.11791109 -0.21608667
 -0.13627183 -0.2283345  -0.16904359 -0.1671136  -0.15328692 -0.13703628
 -0.18143092 -0.12464476 -0.21510096 -0.1978404  -0.18994008 -0.16051275
 -0.17375271 -0.16181259 -0.13172764 -0.20718008 -0.18528096 -0.16946448
 -0.1608248  -0.14558642 -0.14764856 -0.1650543  -0.19371897 -0.18762656
 -0.1715658  -0.15811484 -0.1439489  -0.20614329 -0.12929049 -0.1493162
 -0.18773049 -0.1542037  -0.17985742 -0.20696099 -0.14242542 -0.16933383
 -0.18019038 -0.1983331  -0.20727652 -0.21764606 -0.17641008 -0.19156119
 -0.16668446 -0.14662962 -0.16731414 -0.16103548 -0.17698382 -0.22717509
 -0.19034377 -0.16937971 -0.1637108  -0.1652352  -0.13481699 -0.17285492
 -0.2379157 ]
[58 58 58 58 58 58 58 58 58 58 58 58 58 58 58 58 58 58 58 58 58 58 58 58
 58 58 58 58 58 58 58 58 58 58 58 58 58 58 58 58 58 58 58 58 58 58 58 58
 58 58 58 58 58 58 58 58 58 58 58 58 58 58 58 58 58 58 58 58 58 58 58 58
 58 58 58 58 58 58 58 58 58 58 58 58 58]
[0.12413511 0.15274    0.19270505 0.16859244 0.1520515  0.1727049
 0.15215755 0.1587858  0.11173369 0.18369532 0.14433058 0.10112152
 0.1891919  0.16451174 0.12620918 0.14303762 0.18268447 0.15088925
 0.14346755 0.15633154 0.12637988 0.17857233 0.17006083 0.12716344
 0.1637944  0.1430642  0.17276809 0.15264073 0.10788484 0.13898042
 0.1467953  0.17433423 0.18467392 0.12756494 0.12734766 0.13489339
 0.16428079 0.11069544 0.16047613 0.21477625 0.12111279 0.14260174
 0.22724222 0.13422637 0.10776298 0.20660125 0.143753   0.15896663
 0.11375267 0.09943015 0.15153615 0.16312906 0.1875939  0.19946471
 0.18968867 0.09188473 0.15430598 0.16278885 0.09537455 0.14445786
 0.14777137 0.12790702 0.13540624 0.1626673  0.09969524 0.1252804
 0.14535123 0.15543506 0.172397   0.17452757 0.15694685 0.159258
 0.12355568 0.17373899 0.12412314 0.15645593 0.1529081  0.20400791
 0.15880622 0.2103722  0.16234255 0.16304952 0.12516174 0.13723974
 0.17847559]
[-0.12200709 -0.11339214 -0.16841199 -0.13682996 -0.13647822 -0.14200975
 -0.11286452 -0.17730592 -0.06850131 -0.14431128 -0.1027196  -0.15787382
 -0.12356365 -0.20470574 -0.13258572 -0.12857167 -0.19322099 -0.1639429
 -0.16027966 -0.1670522  -0.16210455 -0.11745132 -0.14600329 -0.17139195
 -0.15480804 -0.10898361 -0.16174048 -0.12763326 -0.09727594 -0.1365665
 -0.1441716  -0.19053645 -0.15342963 -0.11329607 -0.16771808 -0.08998113
 -0.16827376 -0.1067793  -0.16551222 -0.13132498 -0.11922432 -0.13455804
 -0.1374957  -0.13788958 -0.1537374  -0.1732199  -0.18046485 -0.10448774
 -0.16097942 -0.12421028 -0.1200685  -0.15116256 -0.22868653 -0.15008736
 -0.14050414 -0.14404228 -0.13958237 -0.16613206 -0.09902339 -0.16638125
 -0.12035765 -0.1626825  -0.18139917 -0.13746916 -0.15542635 -0.18468301
 -0.15449303 -0.11535073 -0.17970818 -0.15773888 -0.14276113 -0.1670839
 -0.12756337 -0.15121321 -0.14008418 -0.13708785 -0.16332604 -0.14878242
 -0.20165853 -0.18669757 -0.16954094 -0.13045117 -0.09537446 -0.15396093
 -0.17291659]
[ 6 31  6  8  6  6  8 54  6  6 21 22 31 41  8  6  7  8 21  6 52 23  6  6
 22  6 58  6  4  8  6 23 54  6 58 58  6 31 22 31  6 21  6  8 21 52  4  8
 23 21 23 22  6  8 22 36 23  6  8 52  6 23 22 54 15  8  6 54  8  6 23 68
 15 52 31 23 21  8  4 31 21 31 21 23 31]

[0.22059907 0.30417246 0.31930918 0.26005074 0.24712433 0.28629228
 0.26726663 0.32007515 0.21746996 0.29455653 0.25582278 0.27204192
 0.1824387  0.25232828 0.21367429 0.25506565 0.35655898 0.29744744
 0.265167   0.27512184 0.24299848 0.2591484  0.26871005 0.21945275
 0.29296577 0.26340938 0.29261604 0.26696813 0.1791193  0.22882496
 0.23599441 0.3201489  0.25924748 0.20794828 0.2504593  0.1417766
 0.24283017 0.24871454 0.26738772 0.26140326 0.25693256 0.29040042
 0.24571109 0.21642834 0.21433645 0.29816863 0.2914701  0.24049781
 0.26006746 0.1872168  0.20160323 0.27036142 0.34760863 0.2502127
 0.26665828 0.2362468  0.25966084 0.27458808 0.15954767 0.2171557
 0.2629132  0.25517118 0.25911066 0.28871927 0.22400829 0.23587032
 0.34013957 0.27772102 0.31428182 0.32625487 0.3041212  0.32298625
 0.229455   0.19037431 0.282917   0.27864096 0.25389338 0.25409943
 0.3086824  0.26961485 0.22186168 0.2722026  0.22143564 0.2833234
 0.34900928]
[-0.15531231 -0.19135362 -0.18961188 -0.19729003 -0.15010087 -0.18658626
 -0.17739174 -0.23066942 -0.14714949 -0.21394883 -0.17788482 -0.18752505
 -0.17672883 -0.20377958 -0.18846479 -0.14696068 -0.24842228 -0.20072113
 -0.16775917 -0.21190111 -0.1799222  -0.21032593 -0.17423609 -0.17945537
 -0.20828606 -0.14407758 -0.19623394 -0.16000515 -0.12532495 -0.2298024
 -0.14608507 -0.23928429 -0.17873935 -0.1745146  -0.16643494 -0.14231668
 -0.19081871 -0.13571286 -0.22105095 -0.2045324  -0.198305   -0.17325974
 -0.18301602 -0.16992913 -0.14415516 -0.21717009 -0.20151575 -0.1794281
 -0.16897514 -0.15036203 -0.14948934 -0.17812952 -0.21001635 -0.19598901
 -0.17885119 -0.16876647 -0.1562628  -0.21495645 -0.14110295 -0.15549198
 -0.19606821 -0.16210262 -0.19035564 -0.21804741 -0.15303707 -0.17814083
 -0.1957817  -0.20871337 -0.21771483 -0.22896972 -0.18660653 -0.20438422
 -0.17548233 -0.1530052  -0.1812467  -0.17504553 -0.18370256 -0.24241817
 -0.19562806 -0.17810357 -0.17525299 -0.17806512 -0.14053805 -0.18587238
 -0.24815407]
[58 58 58 58 58 58 58 58 58 58 58 58 58 58 58 58 58 58 58 58 58 58 58 58
 58 58 58 58 58 58 58 58 58 58 58 58 58 58 58 58 58 58 58 58 58 58 58 58
 58 58 58 58 58 58 58 58 58 58 58 58 58 58 58 58 58 58 58 58 58 58 58 58
 58 58 58 58 58 58 58 58 58 58 58 58 58]
[0.12636815 0.15644918 0.19554715 0.17138174 0.1551681  0.17551999
 0.15521389 0.1614889  0.11379966 0.18648948 0.14682518 0.10370987
 0.19236563 0.16557354 0.12854338 0.14526555 0.18568878 0.15389214
 0.14586268 0.1587227  0.12878715 0.18113136 0.17309748 0.12939821
 0.16755664 0.14556167 0.17500426 0.15569799 0.10945024 0.14201254
 0.14894216 0.17655027 0.18742627 0.12974417 0.12919083 0.13667643
 0.16671842 0.11344739 0.16307646 0.21855688 0.12299439 0.14487973
 0.23006514 0.13699898 0.10936798 0.20819503 0.14560756 0.16211243
 0.11614288 0.10040986 0.1534582  0.1664932  0.19066507 0.20226723
 0.19277781 0.09336095 0.15717629 0.16545644 0.09805445 0.14562866
 0.15038542 0.12970673 0.13833596 0.16481371 0.10175174 0.12831402
 0.14843504 0.15790172 0.17582382 0.17737795 0.15889433 0.16176595
 0.12557963 0.17513269 0.12746088 0.1592364  0.15526794 0.20735095
 0.16015077 0.2141246  0.16472661 0.16610105 0.12818463 0.13923165
 0.18224211]
[-0.12561938 -0.11617738 -0.17158383 -0.13991655 -0.13840564 -0.14570902
 -0.11505264 -0.18168591 -0.07055113 -0.14605226 -0.10340855 -0.16117606
 -0.12679644 -0.20793903 -0.13597278 -0.13113514 -0.19674383 -0.16747846
 -0.16402137 -0.16885006 -0.16580968 -0.11888282 -0.14809957 -0.17489505
 -0.15933882 -0.11223282 -0.16566554 -0.13125972 -0.09976026 -0.13912822
 -0.14746752 -0.19409251 -0.15660262 -0.11580115 -0.17129578 -0.09186216
 -0.17111148 -0.10862157 -0.1684494  -0.1345412  -0.12239467 -0.1374028
 -0.14049336 -0.14145598 -0.15698877 -0.17538784 -0.18429193 -0.10798568
 -0.1639173  -0.12705165 -0.12274626 -0.15463346 -0.23331502 -0.15280372
 -0.14259805 -0.1475976  -0.14298618 -0.16946283 -0.10127545 -0.16976827
 -0.1237383  -0.1667808  -0.18510821 -0.13975492 -0.15815747 -0.18782616
 -0.1584406  -0.11941216 -0.1830873  -0.16214083 -0.14667551 -0.17130087
 -0.13012466 -0.15379398 -0.14417061 -0.1414101  -0.16543874 -0.15186591
 -0.20480593 -0.19114293 -0.17353164 -0.13303077 -0.09832338 -0.15803397
 -0.17647126]
[ 6 31  6  8  6  6  8 54  6  6 21 22 31 41  8  6  7  8 21  6 62 23  6  6
 22  6 58  6  4  8  6 23 54  6 58 58  6 31 22 31  6  6  6  8 21 52  4  8
 31 21 23 22  6  8 22 36 23  6  8 52  6 23 22 54 15  8  6 54  8  6 23 68
 15 52 31 23 21  8  4 31 21 31 21 23 31]

