[0.13127416 0.09471207 0.1252413  0.11816102 0.17198741 0.13115595
 0.11763363 0.1394018  0.12556265 0.1332576  0.22327258 0.11018434
 0.13665731 0.13054809 0.1021234  0.1357113  0.1348737  0.11968388
 0.14877614 0.14840905 0.15232183 0.10426424 0.13882014 0.11708374
 0.13069242 0.07977009 0.16049778 0.12508027 0.11275584 0.14906214
 0.12734556 0.13023119 0.12079863 0.09311842 0.14865492 0.08781463
 0.10491262 0.13611874 0.14085382 0.12024546 0.14142737 0.16376284
 0.12610897 0.09478051 0.09404571 0.1305748  0.14225285 0.10697366
 0.1451642  0.10216794 0.12496927 0.11753724 0.1217497  0.15226905
 0.10058509 0.12230019 0.10150573 0.13065788 0.1448707  0.10513558
 0.17928727 0.11364894 0.10864387 0.13088387 0.13710897 0.10924204
 0.09975534 0.1429453  0.15210646 0.13880265 0.15515226 0.14649221
 0.10718307 0.11022754 0.11626472 0.15049537 0.15766446 0.11992159
 0.1493136  0.12668008 0.17842755 0.19002472 0.12443113 0.16803195
 0.09405961]
[-0.1943061  -0.15362047 -0.22737354 -0.1623637  -0.21996592 -0.21593772
 -0.18384933 -0.16661175 -0.14538586 -0.21718922 -0.21004146 -0.1766219
 -0.17586738 -0.18460599 -0.16396672 -0.20443891 -0.18049154 -0.18319987
 -0.21013212 -0.21881497 -0.16256161 -0.16280863 -0.13557556 -0.13944662
 -0.18153776 -0.14816941 -0.14804478 -0.15136205 -0.1861263  -0.2632219
 -0.19140585 -0.17515676 -0.21960896 -0.16446052 -0.14758043 -0.10403503
 -0.13071157 -0.16260295 -0.13086408 -0.15496498 -0.15003143 -0.2252214
 -0.16334069 -0.14864138 -0.12435862 -0.17659229 -0.16956109 -0.16964474
 -0.16934097 -0.17759475 -0.19001997 -0.14884062 -0.17832814 -0.17552714
 -0.15475616 -0.13067138 -0.14327838 -0.17609675 -0.21089116 -0.15464294
 -0.23940186 -0.14014314 -0.2095044  -0.16024739 -0.1833431  -0.19409354
 -0.13626616 -0.16270523 -0.16203946 -0.1958691  -0.24287212 -0.1890389
 -0.10096846 -0.13597073 -0.17051949 -0.16810635 -0.22137778 -0.15143803
 -0.23260623 -0.17821518 -0.17227526 -0.17282346 -0.18928006 -0.23911877
 -0.1570333 ]
[29 29 29 70 40 61 29 40  9 29 52 40 29 59 40 52 52  2 59 40 40 73 56  9
 29 17 52 40 52 17 29 52 40 40  2 52  5 59  2  2 40 59 29 52 52 29  2 59
 52 59 40 52 40  2  2  2 52 40  2 40  2 83 40 40 40 56 40 40 59  2 40 40
 40  2 29 61 29  2 41 20 29 52 40 40 29]
[0.17515345 0.18314913 0.20578375 0.1353912  0.22771743 0.21232548
 0.2316094  0.18991157 0.16290879 0.2513197  0.2714261  0.17901935
 0.19417837 0.22646475 0.16955374 0.191479   0.21777633 0.18670015
 0.22193027 0.24574454 0.18560618 0.16548133 0.11296207 0.17909425
 0.20965768 0.12390829 0.1756326  0.14917544 0.15706897 0.27912837
 0.1845387  0.18951778 0.23029605 0.18122667 0.12572704 0.12720358
 0.16553591 0.17686605 0.15918331 0.15777557 0.15930752 0.18375266
 0.1425347  0.17443019 0.14216171 0.18146792 0.16004431 0.16884564
 0.2529743  0.16879469 0.26855105 0.12139512 0.20568487 0.14240137
 0.10254641 0.12850818 0.08731852 0.17847803 0.19404091 0.16935912
 0.26334095 0.12701084 0.19388607 0.18923128 0.18275684 0.19214131
 0.15568182 0.18971866 0.15581736 0.2003505  0.20024501 0.22688365
 0.1231585  0.15911327 0.15090072 0.1824051  0.20528468 0.10658678
 0.23080051 0.1889782  0.20686442 0.22846833 0.19452795 0.2399205
 0.15346584]
[-0.1052206  -0.12652674 -0.14971367 -0.17941514 -0.17207049 -0.14124551
 -0.13205425 -0.11921316 -0.11195026 -0.18641743 -0.15976046 -0.12627202
 -0.15482481 -0.1587321  -0.09856419 -0.12980708 -0.13489127 -0.14201897
 -0.13915788 -0.17911358 -0.13374409 -0.10469113 -0.12194066 -0.13471773
 -0.12574111 -0.08813778 -0.11081254 -0.11862151 -0.11794823 -0.19267015
 -0.13170235 -0.1542048  -0.18453743 -0.13115613 -0.10129298 -0.08826312
 -0.11774557 -0.16438225 -0.12319013 -0.13065669 -0.15621579 -0.13232099
 -0.11835943 -0.14379647 -0.12664029 -0.15751645 -0.14001615 -0.10886301
 -0.16311249 -0.12916182 -0.11915274 -0.11912013 -0.14973934 -0.15365382
 -0.09826941 -0.12236387 -0.11147884 -0.15227605 -0.14308445 -0.10903691
 -0.21104345 -0.11193889 -0.14850995 -0.14495943 -0.17372105 -0.14596508
 -0.10818476 -0.11830343 -0.14396633 -0.1659906  -0.17415535 -0.15227343
 -0.08716135 -0.14782678 -0.13941206 -0.16902523 -0.13030475 -0.13903506
 -0.18951795 -0.17792372 -0.15498698 -0.1464511  -0.1242792  -0.19907537
 -0.11800873]
[81 16 81 81 81 81 81 81 81 81 81 81 81 16 81 16 81 81 81 16 81 81 81 81
 81 81 81 81 81 81 81 81 81 81 81 16 81 81 81 59 81 81 81 16 16 81 81 81
 81 81 81 81 81 81 81 81 43 81 59 81 81 59 59 81 81 81 81 81 81 81 16 81
 81 16 81 16 81 81 81 81 81 81 81 81 81]

[0.14194284 0.10917426 0.13944383 0.12214787 0.17965092 0.14582008
 0.13000804 0.1444212  0.14150672 0.14656344 0.24228135 0.12893644
 0.14936732 0.15851784 0.10385621 0.15309897 0.15214151 0.12547822
 0.17667805 0.15543705 0.15517949 0.11817043 0.14562626 0.14378606
 0.14243951 0.08843385 0.17678984 0.12881014 0.12478708 0.17799908
 0.14196654 0.14693718 0.13489433 0.10329542 0.15394387 0.10011857
 0.10780158 0.1633162  0.1439378  0.12531587 0.13751924 0.19061653
 0.14164516 0.10970999 0.1065264  0.14308806 0.14719437 0.13291419
 0.15967014 0.12151633 0.13039097 0.13520528 0.12766364 0.15759306
 0.10527773 0.1310533  0.1144173  0.13204527 0.14911705 0.12656091
 0.18754032 0.10324696 0.13140304 0.13426018 0.14340928 0.11246287
 0.10667667 0.15782753 0.18371305 0.14403234 0.16131113 0.15083
 0.1099769  0.11732858 0.1269823  0.16000949 0.17126268 0.12516673
 0.16150805 0.1428137  0.18877447 0.20574567 0.13368963 0.17740096
 0.10456   ]
[-0.22576581 -0.18600957 -0.26681066 -0.19893083 -0.24399553 -0.25085792
 -0.23393086 -0.19905671 -0.18287414 -0.25416178 -0.25136814 -0.21816534
 -0.20620438 -0.22700338 -0.19591662 -0.23787805 -0.21655045 -0.21989158
 -0.24820846 -0.25993222 -0.19329609 -0.19519117 -0.15976554 -0.17372479
 -0.21483691 -0.17548063 -0.18206123 -0.17948475 -0.21622026 -0.3111951
 -0.23022646 -0.2076568  -0.25529593 -0.19853131 -0.16904396 -0.1376166
 -0.16885394 -0.1957696  -0.17103957 -0.20296656 -0.17780325 -0.26118556
 -0.19512494 -0.17807335 -0.15277751 -0.21704572 -0.21052736 -0.20743826
 -0.2080123  -0.20810187 -0.2325011  -0.18079141 -0.21912788 -0.21979281
 -0.18984142 -0.14893952 -0.15841085 -0.20618826 -0.24602503 -0.19124892
 -0.2876264  -0.16175157 -0.24349818 -0.19523594 -0.21575297 -0.22703156
 -0.15769632 -0.19776922 -0.19805321 -0.23077975 -0.2811676  -0.22121403
 -0.12934385 -0.16556397 -0.20055087 -0.20269148 -0.25673988 -0.17852873
 -0.2686636  -0.21294291 -0.21673188 -0.21421    -0.22861813 -0.28927487
 -0.18767883]
[29 59 29 73 40 61 59 40  9 29 52 59 29 59 40 52 52  2 59 40 40 73 56 59
 29 17 52 40 52 59 29 52 52 52  2 52  5 59  2  2 40 59 29 52 52 29  2 59
 52 59 61 52 40  2  2  2 52 40  2 59  2 83 59 40 40 61 40 52 59  2 40 40
 40  2 29 61 29  2 59 20 29 52 40 40 29]
[0.18685243 0.19275564 0.21804883 0.14706774 0.239921   0.22322205
 0.2439465  0.19958389 0.17175621 0.26302215 0.28367683 0.1926359
 0.20466074 0.23675346 0.17871827 0.20009117 0.22991946 0.1973865
 0.23416382 0.25735953 0.19683471 0.17484531 0.12074837 0.19068176
 0.21998908 0.1325815  0.18629725 0.1582551  0.1653959  0.29449987
 0.19531903 0.19881234 0.24117443 0.19282435 0.1340543  0.13423613
 0.17469126 0.1878214  0.16966245 0.16599782 0.16932973 0.1959496
 0.15200767 0.18322365 0.15019318 0.19446877 0.16991909 0.18098281
 0.26471677 0.17797709 0.27965352 0.13121933 0.21892378 0.1524517
 0.11152208 0.13832167 0.09289704 0.18820116 0.20051092 0.17986283
 0.2752135  0.13102035 0.20092966 0.20114088 0.19375905 0.20383674
 0.16813348 0.20184189 0.16608658 0.21246164 0.2098538  0.23706244
 0.13210465 0.16750288 0.15991133 0.19244157 0.21626392 0.11519618
 0.24321923 0.20060678 0.21784201 0.2399539  0.2061645  0.25470972
 0.16331606]
[-0.11322258 -0.13291456 -0.15725721 -0.18681408 -0.17711997 -0.1470836
 -0.13838276 -0.12361569 -0.117116   -0.19241582 -0.16298278 -0.13272606
 -0.16046323 -0.16557845 -0.10400694 -0.13545598 -0.14100882 -0.14478233
 -0.1477252  -0.18924586 -0.13537711 -0.10789569 -0.12410582 -0.14008357
 -0.13001075 -0.09425174 -0.11391827 -0.12466285 -0.12232613 -0.20094967
 -0.1389869  -0.16169551 -0.19045684 -0.13914385 -0.09875469 -0.09210577
 -0.12234095 -0.16961055 -0.12807469 -0.13409513 -0.1627996  -0.13963863
 -0.12341343 -0.14895436 -0.13250208 -0.16323397 -0.14521633 -0.11402307
 -0.169808   -0.13398618 -0.12298385 -0.12403575 -0.15534134 -0.15960604
 -0.10226806 -0.12712578 -0.11621601 -0.15878075 -0.148544   -0.1132146
 -0.21694547 -0.11590563 -0.15345304 -0.14805561 -0.18012196 -0.15362202
 -0.11382433 -0.12393537 -0.14745992 -0.17204764 -0.18075317 -0.15630274
 -0.08999768 -0.15214427 -0.1437238  -0.17530285 -0.13765298 -0.14356439
 -0.19452779 -0.1806818  -0.1549901  -0.1545969  -0.12854508 -0.20685336
 -0.12497795]
[81 16 81 81 81 81 81 81 81 81 81 81 81 16 81 16 81 81 81 16 81 81 81 81
 81 81 81 81 81 81 81 81 81 81 81 16 81 81 81 81 81 81 81 16 16 81 81 81
 81 81 81 81 81 81 81 81 16 81 59 81 81 59 59 81 81 81 81 81 81 81 16 81
 81 16 81 16 81 81 81 81 81 81 81 81 81]

[0.15459588 0.15333545 0.17500262 0.15615179 0.19800206 0.17142573
 0.18314096 0.16701192 0.17118058 0.18494543 0.27258122 0.17553891
 0.16733335 0.19872658 0.12901258 0.182972   0.18359196 0.13559388
 0.22290239 0.19023208 0.1666873  0.14945401 0.15900105 0.18347894
 0.16046599 0.10856312 0.2091947  0.14146045 0.14732246 0.22772956
 0.16190599 0.17994414 0.15986115 0.13472779 0.15347508 0.12145922
 0.11492275 0.2029695  0.14730981 0.16694005 0.14856486 0.23371086
 0.1677976  0.13890159 0.132003   0.1598883  0.16465315 0.17022368
 0.18880019 0.15709181 0.14650437 0.16571295 0.16000448 0.19297461
 0.11300155 0.14601824 0.14206079 0.14308603 0.15504496 0.16185904
 0.20277591 0.1217192  0.1748095  0.14494722 0.17104742 0.13354613
 0.12436824 0.1968803  0.2328505  0.15254843 0.17641158 0.17120594
 0.11874144 0.13809985 0.14254825 0.17812432 0.19152148 0.13414572
 0.20671949 0.16725706 0.20521426 0.23304528 0.1650051  0.19705904
 0.11983362]
[-0.27784222 -0.25016063 -0.33382648 -0.26300025 -0.3151354  -0.31948116
 -0.33115965 -0.26906618 -0.25986734 -0.32099319 -0.33795407 -0.296804
 -0.28678045 -0.3107328  -0.25685245 -0.29358858 -0.27820972 -0.27730262
 -0.31340474 -0.3269326  -0.2517324  -0.25195193 -0.20656382 -0.2354318
 -0.27974173 -0.22974534 -0.2725859  -0.22826755 -0.26897365 -0.3924405
 -0.2951293  -0.2666172  -0.32372054 -0.2650551  -0.23049927 -0.2000313
 -0.23968852 -0.25715363 -0.24384168 -0.28813288 -0.2671108  -0.32257044
 -0.2838333  -0.24191473 -0.21330455 -0.29097977 -0.2928922  -0.2672919
 -0.28593007 -0.28111324 -0.32075348 -0.25078434 -0.29788333 -0.30300966
 -0.25991043 -0.19829816 -0.20121838 -0.26013368 -0.30365807 -0.24988364
 -0.38042986 -0.23000154 -0.30724463 -0.25880927 -0.27823934 -0.29329237
 -0.22462001 -0.2703885  -0.27055869 -0.2951558  -0.34981394 -0.28250507
 -0.17826094 -0.23672737 -0.25359637 -0.26653117 -0.3152852  -0.24907273
 -0.33038694 -0.2839191  -0.31154191 -0.27130467 -0.29463243 -0.37861988
 -0.24164088]
[29 59 59 73 40 61 59 59  9 59 52 59 29 59 52 52 59 73 59 59 40 59 56 59
 29 59 52 40 52 59 29 52 52 52  2 36  9 59  2 59 40 59 29 52 52 29 29 59
 52 59 61 52 73 59  2  2 52 59  2 59 59 59 59 40 59 61 40 52 59  2 40 52
 40 59 29 52 29  2 59 20 29 52 59 40 29]
[0.23126829 0.2315494  0.26928425 0.1961051  0.29440135 0.27067828
 0.30209824 0.24254835 0.21256363 0.3124185  0.33994466 0.2529578
 0.24852273 0.27603412 0.22040924 0.23368981 0.2834843  0.24240191
 0.28735346 0.3073001  0.24246195 0.214136   0.15560667 0.23922223
 0.2645316  0.17163053 0.23381421 0.19564201 0.20169933 0.35884774
 0.24156773 0.24097936 0.28818154 0.24067727 0.17089462 0.16677621
 0.21404876 0.23363434 0.21829683 0.21250182 0.20673466 0.2488822
 0.19260597 0.21770194 0.18213703 0.244914   0.21076658 0.2303183
 0.31563377 0.22036868 0.32591754 0.17139694 0.27541113 0.19348298
 0.15000921 0.17794865 0.11933931 0.22795689 0.22766873 0.22618315
 0.32636803 0.16603684 0.24270028 0.25038022 0.23768988 0.25503278
 0.21924716 0.25436756 0.20969011 0.26520595 0.2513234  0.28261352
 0.17192456 0.20225933 0.19780383 0.22873122 0.26366562 0.14963117
 0.2961825  0.25084096 0.26677656 0.28671545 0.25748926 0.3183428
 0.20548967]
[-0.14354332 -0.15704885 -0.19091284 -0.21633376 -0.19477554 -0.17889434
 -0.17465094 -0.1497792  -0.14361043 -0.21919087 -0.18414915 -0.16885762
 -0.18154234 -0.20277919 -0.13145983 -0.15496762 -0.1662629  -0.15480265
 -0.18103752 -0.22735547 -0.14406358 -0.12735525 -0.13395503 -0.15984282
 -0.14809902 -0.12160816 -0.13359515 -0.14865342 -0.1381815  -0.24165262
 -0.16937725 -0.19015542 -0.2206757  -0.16968267 -0.12212379 -0.11200597
 -0.13997298 -0.19262704 -0.15227109 -0.15296417 -0.19736384 -0.17137247
 -0.1526723  -0.17664291 -0.16280003 -0.19171849 -0.16461454 -0.13246664
 -0.20277154 -0.16051342 -0.14905204 -0.14472896 -0.189939   -0.19130558
 -0.12537375 -0.15263842 -0.13404134 -0.18367656 -0.17893304 -0.1410182
 -0.24810058 -0.13814412 -0.17804691 -0.17548062 -0.20372169 -0.18552469
 -0.14210887 -0.15121338 -0.1722012  -0.20212437 -0.2157212  -0.1748572
 -0.10815534 -0.17828606 -0.16849858 -0.20710842 -0.16561161 -0.16741624
 -0.2162468  -0.20398824 -0.18004228 -0.18538325 -0.14776263 -0.24061368
 -0.15220949]
[81 16 81 81 81 81 81 81 81 81 81 81 81 16 81 16 81 81 81 81 81 81 81 81
 81 81 81 81 81 81 81 81 81 81 81 81 81 81 81 81 81 81 81 16 16 81 81 81
 81 81 81 81 81 81 81 81 16 81 59 81 81 81 81 81 81 81 81 81 81 81 81 81
 81 16 81 16 81 81 81 81 81 81 81 81 81]

[0.15897982 0.16029394 0.18211786 0.16265489 0.2028129  0.17659569
 0.19147173 0.172892   0.17613529 0.19192931 0.2787627  0.18292853
 0.1737721  0.20489052 0.13553156 0.18955457 0.18902177 0.14114718
 0.23128973 0.19499877 0.17082049 0.15616177 0.16047113 0.18985808
 0.166039   0.11472122 0.21560284 0.14593333 0.15163757 0.23543045
 0.1680668  0.18748963 0.16511889 0.14158453 0.15532468 0.12692131
 0.11906785 0.20971273 0.149676   0.17455252 0.15342475 0.24177466
 0.17668822 0.14555249 0.13756384 0.16537821 0.17152496 0.17672443
 0.19532646 0.16268747 0.15145516 0.17226586 0.17009929 0.20045282
 0.11613215 0.15087402 0.14734058 0.14905703 0.15740664 0.16245422
 0.20964156 0.12797011 0.18225525 0.14803813 0.17862949 0.1389926
 0.12965032 0.20468241 0.24099226 0.15754434 0.18024164 0.17768905
 0.12197624 0.1431595  0.14812893 0.18412943 0.1976394  0.13753322
 0.21433297 0.17288896 0.21166028 0.23949178 0.17030194 0.20216675
 0.12490704]
[-0.2891853  -0.2670857  -0.35044563 -0.2765313  -0.33140993 -0.3411655
 -0.3548083  -0.2873192  -0.27806285 -0.3349569  -0.35863605 -0.31790373
 -0.30640706 -0.331114   -0.2720956  -0.30505857 -0.29328522 -0.28878263
 -0.33009723 -0.3435196  -0.2657978  -0.2699255  -0.21546267 -0.24976002
 -0.2986397  -0.24113283 -0.29402807 -0.23812884 -0.2798042  -0.40993553
 -0.30815738 -0.28066614 -0.34436128 -0.28266272 -0.24583836 -0.21537465
 -0.25671208 -0.2706637  -0.26176217 -0.3087955  -0.28734967 -0.33594882
 -0.30678    -0.25781795 -0.2280252  -0.31443134 -0.31309488 -0.27970162
 -0.3084132  -0.3017252  -0.34341812 -0.26980725 -0.32471743 -0.32124415
 -0.27753857 -0.21199048 -0.21312828 -0.2705828  -0.3167439  -0.26823673
 -0.402217   -0.24718966 -0.3223578  -0.27904406 -0.2928184  -0.30909714
 -0.24389751 -0.28698212 -0.28890938 -0.31123784 -0.36598045 -0.2984095
 -0.19008908 -0.2534498  -0.2649365  -0.28652844 -0.3272856  -0.26825652
 -0.3430814  -0.29946765 -0.33386102 -0.28340828 -0.30874673 -0.3982058
 -0.25467354]
[29 59 59 73 40 61 59 59  9 59 52 59 29 59 52 52 59 73 59 59 40 59 56 59
 29 59 52 40 52 59 29 52 52 52  2 36 59 59  2 59 40 59 29 52 52 29 29 59
 52 59 40 52 73 59  2  2 52 59  2 59 59 59 59 40 59 52 40 52 59  2 40 52
 40 59 29 52 29  2 59 20 29 52 59 40 29]
[0.27356794 0.27560315 0.31879988 0.24546582 0.3486643  0.31830525
 0.36008775 0.28494266 0.25513726 0.36310276 0.39133367 0.3099333
 0.29318196 0.32327577 0.2646948  0.27563173 0.33475184 0.2865669
 0.34425426 0.3622787  0.28738147 0.25615856 0.19164303 0.28708404
 0.30932695 0.2097283  0.28606254 0.23621123 0.24107173 0.4215122
 0.28717458 0.28833    0.33692157 0.29242444 0.20216984 0.19910665
 0.25377008 0.2780496  0.26369444 0.25995728 0.24864773 0.30168864
 0.23865771 0.26170847 0.22625391 0.29555905 0.25354946 0.27825755
 0.36658132 0.26782048 0.37679607 0.2145836  0.33118173 0.2379236
 0.1894376  0.22250462 0.16285726 0.27157906 0.26468325 0.26917458
 0.3762322  0.21076882 0.28879064 0.29810363 0.2867318  0.30880812
 0.26843733 0.31148702 0.25409204 0.31725317 0.2981129  0.3299833
 0.21147701 0.24284635 0.23970202 0.26967847 0.31087866 0.18916818
 0.3517794  0.30290306 0.31578153 0.33120394 0.30827472 0.3799276
 0.24754636]
[-0.17216913 -0.17738155 -0.22757733 -0.24650788 -0.21160547 -0.21458331
 -0.21458729 -0.17931539 -0.17354693 -0.24140234 -0.21028255 -0.20754698
 -0.20346217 -0.24372332 -0.1624262  -0.18311389 -0.19355552 -0.16858526
 -0.21531671 -0.26396748 -0.16430826 -0.15042245 -0.14377773 -0.17655179
 -0.164136   -0.14913327 -0.16996053 -0.17109755 -0.16066372 -0.2846984
 -0.19821067 -0.2193445  -0.25575364 -0.19962734 -0.14179513 -0.13573338
 -0.1541444  -0.21625476 -0.17995948 -0.17234853 -0.2388853  -0.20207645
 -0.1895591  -0.21113032 -0.19534636 -0.23163228 -0.19462593 -0.15690525
 -0.24049006 -0.19066532 -0.17852493 -0.16356933 -0.23082158 -0.22741897
 -0.1507747  -0.18324497 -0.15268959 -0.20749898 -0.21101832 -0.16854386
 -0.28145623 -0.17267361 -0.20959847 -0.21147242 -0.22616078 -0.21826714
 -0.17359117 -0.18952072 -0.19957487 -0.23742454 -0.2548448  -0.19362636
 -0.12843274 -0.20718084 -0.19658504 -0.24178055 -0.1921935  -0.19573452
 -0.24694481 -0.23914012 -0.21615592 -0.21308206 -0.17641382 -0.26788577
 -0.17895496]
[81 16 81 81 81 81 81 81 81 81 81 81 81 16 81 16 81 81 81 81 81 81 81 81
 81 81 81 81 81 81 81 81 81 81 81 81 81 81 81 81 81 81 81 16 16 81 81 81
 81 81 81 81 81 81 81 81 81 81 81 81 81 81 81 81 81 81 81 81 81 81 81 81
 81 16 81 81 81 81 81 81 81 81 81 81 81]

[0.1627797  0.16597328 0.18831994 0.16627884 0.20555225 0.17960365
 0.19923362 0.17770597 0.17957456 0.19770941 0.28343913 0.18896005
 0.1781065  0.20991313 0.14031331 0.19437931 0.19403635 0.14420177
 0.2377444  0.20013815 0.17426322 0.161634   0.161507   0.19506001
 0.17044754 0.1193707  0.22072546 0.14866859 0.15528934 0.24188909
 0.17275462 0.19299045 0.16922669 0.14651118 0.15573797 0.13040796
 0.12331561 0.21495035 0.15000983 0.18053304 0.1560722  0.2477968
 0.18273371 0.15048525 0.14153522 0.16973098 0.17664456 0.18198971
 0.20020281 0.16759528 0.1545509  0.17689398 0.17552455 0.20634829
 0.11735427 0.15317355 0.15123142 0.15431024 0.15797998 0.16573036
 0.21534471 0.13317783 0.18834116 0.15002511 0.18513073 0.14375338
 0.13298307 0.21025327 0.24751103 0.15876693 0.1822955  0.18233307
 0.12382375 0.1476346  0.15226986 0.1885287  0.20203078 0.13864596
 0.22033934 0.17565864 0.2166624  0.24409553 0.17497207 0.20455624
 0.12876146]
[-0.29672042 -0.27950618 -0.36124247 -0.28548625 -0.34117073 -0.35363895
 -0.37022007 -0.29801494 -0.28872806 -0.34479854 -0.370914   -0.33202982
 -0.31799784 -0.3439915  -0.2812412  -0.31271505 -0.30255425 -0.29645512
 -0.34406206 -0.35403338 -0.27443936 -0.28050536 -0.22163576 -0.25869304
 -0.30989388 -0.24739544 -0.30669078 -0.24651082 -0.2870618  -0.42114013
 -0.31682998 -0.2892675  -0.35651922 -0.29298365 -0.2548458  -0.224826
 -0.26701933 -0.27824557 -0.27219605 -0.32079574 -0.29985547 -0.34471825
 -0.3201927  -0.26803336 -0.23747487 -0.32808894 -0.32470393 -0.28808942
 -0.32147753 -0.31443572 -0.3567239  -0.2809904  -0.34025928 -0.33166495
 -0.28808904 -0.21920891 -0.22203869 -0.2777963  -0.32555726 -0.27995837
 -0.41492948 -0.25843796 -0.3317229  -0.29190943 -0.30246004 -0.31831408
 -0.25521696 -0.29704753 -0.3006919  -0.32077846 -0.37570632 -0.31035718
 -0.19796853 -0.2633428  -0.27239108 -0.29894447 -0.33541265 -0.27928638
 -0.35151184 -0.30859956 -0.3470688  -0.29163283 -0.3185192  -0.4098081
 -0.262788  ]
[29 59 59 73 40 61 59 59  9 59 52 59 29 59 52 52 59 73 59 59 52 59 56 59
 29 59 52 40 52 59 29 52 52 52  2 36 59 59  2 59 40 59 29 52 52 29 29 59
 52 59 40 52 73 59  2  2 52 59  2 59 59 59 59 40 59 52 40 52 59  2 40 52
 40 59 29 52 29  2 59 20 29 52 59 40 29]
[0.28996983 0.29228458 0.3383153  0.26348796 0.36708474 0.33576623
 0.38181257 0.30030912 0.27002692 0.38157558 0.4090985  0.33041102
 0.3093911  0.34127474 0.28067827 0.29176843 0.35339087 0.30256256
 0.36528546 0.38190752 0.3036263  0.27179128 0.20377296 0.30353558
 0.3248557  0.22372128 0.30425268 0.2514425  0.25458694 0.4442768
 0.30310524 0.30706474 0.35415214 0.31158015 0.2137665  0.21154325
 0.26755705 0.29379353 0.28012794 0.2783958  0.26382834 0.32113004
 0.25586176 0.27938005 0.24234584 0.31393063 0.26895142 0.29585272
 0.38530052 0.2843353  0.39513585 0.23004939 0.3517351  0.25280505
 0.2041865  0.23806496 0.17808954 0.28689125 0.28128952 0.28382602
 0.39344513 0.22733048 0.30525044 0.31516203 0.30310223 0.32701892
 0.2861624  0.33079356 0.26848173 0.33613983 0.3154605  0.3474152
 0.2269162  0.2579952  0.25559333 0.28613958 0.3276204  0.20360059
 0.3708654  0.320829   0.3334238  0.34743202 0.32713974 0.40084928
 0.26247463]
[-0.1845493  -0.18494022 -0.24249141 -0.25900432 -0.21996172 -0.22854437
 -0.23134224 -0.19069386 -0.18453829 -0.25026503 -0.22042996 -0.22286981
 -0.21512419 -0.25884724 -0.17440401 -0.19479203 -0.2065111  -0.18097459
 -0.22930859 -0.27823484 -0.17266726 -0.15889207 -0.15237956 -0.18452294
 -0.1753124  -0.16039817 -0.18363032 -0.17969622 -0.17081015 -0.30119988
 -0.20971881 -0.23166102 -0.26875624 -0.21181563 -0.15072376 -0.14563937
 -0.15946126 -0.22615689 -0.19096781 -0.18060276 -0.25397405 -0.2144419
 -0.20449115 -0.224055   -0.20674412 -0.2471619  -0.20691454 -0.1710926
 -0.2547841  -0.2024051  -0.18995719 -0.17618936 -0.2470815  -0.23986608
 -0.16005251 -0.19577597 -0.15989542 -0.21702817 -0.22405311 -0.17976238
 -0.29387146 -0.18652196 -0.22181894 -0.22556388 -0.23414724 -0.23048314
 -0.18618737 -0.20332792 -0.21122183 -0.25166813 -0.26873627 -0.20126452
 -0.13684602 -0.21825781 -0.20801143 -0.25527424 -0.20295475 -0.20696533
 -0.25903723 -0.25381866 -0.23066467 -0.22146505 -0.19054052 -0.2771283
 -0.18934107]
[81 16 81 81 81 81 81 81 81 81 81 81 81 16 81 16 81 81 81 81 81 81 81 81
 81 81 81 81 81 81 81 81 81 81 81 81 81 81 81 81 81 81 81 16 16 81 81 81
 81 81 81 81 81 81 81 81 81 81 81 81 81 81 81 81 81 81 81 81 81 81 81 81
 81 16 81 16 81 81 81 81 81 81 81 81 81]

[0.1685911  0.17255779 0.19570836 0.17361519 0.21001613 0.18468276
 0.20840661 0.1832654  0.18539293 0.20411016 0.29131398 0.19615358
 0.18478662 0.21589306 0.14870553 0.20270762 0.19926845 0.14941312
 0.24604069 0.20460978 0.18285441 0.16809705 0.16498439 0.20116673
 0.17727903 0.12520306 0.22940677 0.15329675 0.16166544 0.24942148
 0.17988272 0.20270899 0.17648105 0.15511356 0.15591441 0.13675569
 0.12811917 0.22144353 0.15053368 0.18769892 0.16112694 0.2550729
 0.19115856 0.15891816 0.14862241 0.17611179 0.18426459 0.18795083
 0.20822847 0.17334372 0.15968333 0.18493652 0.1849194  0.21328098
 0.1196577  0.15685546 0.15809068 0.16018592 0.15912731 0.16573024
 0.22202863 0.13915439 0.1959656  0.15393484 0.19400188 0.1523312
 0.13838698 0.21952283 0.25562236 0.16157237 0.18587127 0.19012758
 0.12698853 0.15288155 0.15815407 0.19690686 0.20880595 0.14063011
 0.22801751 0.18006173 0.22410962 0.25199118 0.18051618 0.2090456
 0.13477993]
[-0.3086354  -0.3002287  -0.3792109  -0.29986304 -0.3578142  -0.37479535
 -0.39511427 -0.3158638  -0.3062121  -0.36201978 -0.39124835 -0.3550601
 -0.33785015 -0.36512807 -0.30017018 -0.3244111  -0.31940854 -0.30771917
 -0.36752552 -0.3723423  -0.28933358 -0.29835758 -0.23205394 -0.27429307
 -0.3287226  -0.25970265 -0.3278819  -0.26257926 -0.29862103 -0.43895328
 -0.33071464 -0.30624604 -0.37712556 -0.3115364  -0.2693369  -0.24086818
 -0.2842572  -0.29376853 -0.28954822 -0.34095424 -0.31971154 -0.35851222
 -0.34224424 -0.28483823 -0.25358722 -0.35101086 -0.34433043 -0.3009478
 -0.34290472 -0.33492744 -0.37908953 -0.3000059  -0.36620653 -0.34913015
 -0.30537787 -0.23596387 -0.2388576  -0.28935212 -0.3394482  -0.29916272
 -0.4362651  -0.27653408 -0.3480937  -0.31316847 -0.32177004 -0.33582652
 -0.2745357  -0.31471312 -0.31966856 -0.33779645 -0.3927417  -0.32984617
 -0.21044213 -0.27967203 -0.28410637 -0.32005212 -0.34841418 -0.2978124
 -0.36577728 -0.32585487 -0.36928457 -0.3083721  -0.33683488 -0.4305496
 -0.2771299 ]
[29 59 59 59 40 61 59 59  9 59 52 59 29 59 52 52 59 73 59 59 52 59 29 59
 29 59 52 40 52 59 29 52 52 52  2 36 59 59  2 59 40 59 29 52 52 29 29 59
 52 59 40 52 73 59  2  2 52 59  2 59 59 59 59 52 59 52 40 52 59  2 40 52
 40 59 29 52 29  2 59 20 29 52 59 40 29]
[0.2956159  0.2980042  0.34478214 0.26961622 0.37315908 0.34161368
 0.38934252 0.3054321  0.27513167 0.3876869  0.41509956 0.33721578
 0.31501675 0.34744018 0.28606346 0.2972921  0.35967773 0.30790356
 0.3725437  0.38853765 0.30902076 0.27692544 0.20807353 0.30910352
 0.33005822 0.22844988 0.31045213 0.2566398  0.25925505 0.45183396
 0.3085053  0.3134447  0.35993847 0.31811473 0.21768907 0.21586433
 0.27227885 0.29898828 0.28549355 0.28442416 0.2691955  0.32751137
 0.26167646 0.28547245 0.24778983 0.32034403 0.2740126  0.30171192
 0.3915496  0.28998905 0.40128392 0.23524565 0.35854536 0.25770912
 0.20924054 0.24329317 0.1832659  0.29214656 0.2870919  0.288759
 0.39926744 0.23280194 0.31106752 0.32087064 0.30853766 0.3332907
 0.2923317  0.33727723 0.27353165 0.3424375  0.3212936  0.3531641
 0.2320202  0.263265   0.26103377 0.2918894  0.33325404 0.20842391
 0.37758082 0.32686052 0.33943385 0.3529579  0.33335516 0.4079607
 0.26791024]
[-0.18865913 -0.18736547 -0.24725826 -0.2632199  -0.2231617  -0.23328385
 -0.23728041 -0.19467044 -0.1882527  -0.25295013 -0.22362472 -0.22793055
 -0.2189736  -0.26389283 -0.17849594 -0.19867623 -0.21086715 -0.1851717
 -0.23407486 -0.28294602 -0.17532136 -0.16174345 -0.15555467 -0.18864162
 -0.1790932  -0.16423213 -0.18820052 -0.18273774 -0.17418452 -0.30665985
 -0.21364196 -0.23595774 -0.27312416 -0.21587507 -0.15369573 -0.14903553
 -0.1611385  -0.22944416 -0.19463661 -0.184735   -0.25883132 -0.21858624
 -0.20935367 -0.2283587  -0.21061915 -0.25231537 -0.21095768 -0.17569534
 -0.25948438 -0.20633085 -0.19394268 -0.18049194 -0.25231776 -0.24386714
 -0.1632814  -0.19982874 -0.16245328 -0.22015937 -0.22847776 -0.18344237
 -0.2981374  -0.19109793 -0.2259702  -0.23019066 -0.23690905 -0.23456995
 -0.19053955 -0.20788252 -0.21527167 -0.25628805 -0.27332628 -0.20364447
 -0.13958037 -0.22201636 -0.21202189 -0.25982693 -0.20650057 -0.21065621
 -0.26332828 -0.2587844  -0.23548219 -0.22418451 -0.19503237 -0.28008208
 -0.19321346]
[81 16 81 81 81 81 81 81 81 81 81 81 81 16 81 16 81 81 81 81 81 81 81 81
 81 81 81 81 81 81 81 81 81 81 81 81 81 81 81 81 81 81 81 16 16 81 81 81
 81 81 81 81 81 81 81 81 81 81 81 81 81 81 81 81 81 81 81 81 81 81 81 81
 81 16 81 16 81 81 81 81 81 81 81 81 81]

