[0.08805318 0.08517074 0.13768156 0.09253135 0.12584977 0.12637985
 0.11289593 0.11816129 0.07736889 0.12143426 0.12875919 0.09053076
 0.0676596  0.09765192 0.15280978 0.13590148 0.10718051 0.11052308
 0.1021239  0.17405498 0.2030744  0.07865585 0.14306152 0.08985765
 0.11872542 0.11942542 0.08991582 0.11318585 0.18031853 0.14618081
 0.08960771 0.15878053 0.1024887  0.08249988 0.10742763 0.11769
 0.13211572 0.10511865 0.12797987 0.149332   0.10483722 0.13034019
 0.11221407 0.13148127 0.13111593 0.11099632 0.13672106 0.13596418
 0.1157806  0.11354107 0.11206793 0.11775078 0.1115826  0.13131225
 0.1602148  0.1037768  0.11490014 0.10614387 0.10916966 0.10900901
 0.09577829 0.12702852 0.09712624 0.16595119 0.12475996 0.13633928
 0.09085168 0.12518832 0.09272122 0.11966824 0.0952763  0.13506193
 0.09073571 0.1468516  0.09289356 0.11692141 0.11633483 0.1637428
 0.13702717 0.11479132 0.11310072 0.12068226 0.08268462 0.12686497
 0.12154601]
[-0.10569092 -0.0896199  -0.0876319  -0.08697588 -0.11775727 -0.11689198
 -0.0895924  -0.09543588 -0.08587033 -0.06900267 -0.09646066 -0.08182701
 -0.0672504  -0.10289652 -0.14125736 -0.06974187 -0.08931127 -0.07371993
 -0.07120977 -0.09698436 -0.11633628 -0.0649281  -0.0881329  -0.06892717
 -0.11637408 -0.06726851 -0.10669424 -0.1309638  -0.13794103 -0.08908051
 -0.09725185 -0.07626205 -0.14634061 -0.12127459 -0.10240684 -0.08446
 -0.09872054 -0.06663924 -0.09259207 -0.09646665 -0.10539389 -0.11544969
 -0.06919792 -0.08699131 -0.09133121 -0.06728432 -0.09187333 -0.10789256
 -0.07600018 -0.09029142 -0.07993225 -0.06967238 -0.09198594 -0.09320373
 -0.0978783  -0.08045589 -0.08926988 -0.09108341 -0.08146451 -0.12240246
 -0.08574029 -0.10856658 -0.07283407 -0.07542902 -0.08001199 -0.10534821
 -0.07177626 -0.08699978 -0.09428516 -0.08397908 -0.09070296 -0.08833357
 -0.07781358 -0.095847   -0.06921431 -0.10805759 -0.10379339 -0.10274763
 -0.0951037  -0.08358145 -0.09311597 -0.0905634  -0.08782332 -0.12645017
 -0.07591373]
[50 45 45 58 45 58 45 45 61 45 58 45 44 45 45 50 45 61 45 45 45 81 61 45
 61 45 50 45 45 61 35 45 40 79 24 45 45 61 35 45 52 24 61 61 50 45 45 45
 24 76 58 81 61 61 24 45 61  5 81 50  5 58 35 45 52 45 61 45 24 45 40 61
 58 61 45 45 45 45 45 45 45 61 79 61 45]
[0.10859282 0.08256502 0.07234156 0.08773886 0.11964836 0.09047398
 0.10124263 0.07093585 0.05783973 0.11210299 0.14230828 0.09449971
 0.11423878 0.0888912  0.08537573 0.09550326 0.08598352 0.08943943
 0.11142551 0.06258712 0.08719539 0.07080976 0.07228035 0.0936328
 0.0985558  0.0664271  0.0804702  0.08510681 0.09389021 0.07932765
 0.12089466 0.09942705 0.08015875 0.10058492 0.06722162 0.12805444
 0.08876801 0.09609418 0.12040609 0.07090463 0.10626285 0.09677694
 0.09270295 0.08755828 0.11032587 0.12321568 0.1273275  0.10940704
 0.10685851 0.09848198 0.09207025 0.09098092 0.1243593  0.11817241
 0.10223843 0.12213807 0.0657107  0.1098215  0.08277476 0.10569891
 0.13281503 0.06161723 0.1018908  0.06720679 0.10423419 0.08150756
 0.10636988 0.10540162 0.07952301 0.0809454  0.09758861 0.08188324
 0.0852609  0.09853023 0.09006282 0.09855418 0.08143873 0.08389115
 0.0920142  0.08997902 0.12128691 0.06900083 0.08995319 0.09233589
 0.06180466]
[-0.11834048 -0.1191155  -0.08016665 -0.11832605 -0.10884569 -0.14600798
 -0.10439776 -0.08421983 -0.07511376 -0.08749162 -0.14990303 -0.11266506
 -0.1127272  -0.10022522 -0.07780071 -0.09120711 -0.13665593 -0.10981779
 -0.09688791 -0.06078417 -0.09474631 -0.10379905 -0.07345301 -0.11594829
 -0.14254874 -0.07190489 -0.10435198 -0.08301638 -0.08458314 -0.06467145
 -0.10241865 -0.08609908 -0.10779037 -0.1147277  -0.09199981 -0.11878751
 -0.10955064 -0.10320794 -0.10544057 -0.06476526 -0.13612285 -0.11462541
 -0.10174929 -0.1002087  -0.11605527 -0.1171454  -0.10537952 -0.12494629
 -0.10886052 -0.13772489 -0.11123014 -0.11521968 -0.11271468 -0.10439856
 -0.1185671  -0.10205428 -0.08178055 -0.10814663 -0.11470789 -0.07990912
 -0.11331272 -0.06600897 -0.08373654 -0.0768002  -0.10800163 -0.06016503
 -0.10637407 -0.14013004 -0.07475546 -0.11473583 -0.1017062  -0.09538963
 -0.07799505 -0.08944168 -0.10723117 -0.08860207 -0.10880985 -0.10793213
 -0.12852253 -0.13131417 -0.12155361 -0.07913672 -0.07168791 -0.11751714
 -0.08065901]
[ 5 30 11  5 75 19 36 24 30 28 10 51  5 36  3 36  3 36  5  2 36 75 45 78
 27  5 31 36 36 36  5 28  3 75 12  5 36 36 73 67 30 36 28 75 82 28 36 73
 26 11 54 19 75  5 36  5 28 58 67  5 12 82 36 73 54 28 36  5 47 12 73 54
 51 11 58 82 36 36 36 75 12  3 73 75 19]

[0.08471691 0.08767316 0.09982461 0.08652303 0.11793654 0.11926612
 0.10925547 0.09832492 0.07220282 0.09647824 0.11406974 0.07419341
 0.05989793 0.08652658 0.1404598  0.11567257 0.10052772 0.09314153
 0.07940879 0.13007377 0.1710604  0.07429728 0.10443017 0.08841529
 0.11055174 0.08489998 0.06276613 0.11325306 0.1474299  0.11393555
 0.09084035 0.12461738 0.09601344 0.0858299  0.10329479 0.09135114
 0.11542983 0.08555865 0.12781571 0.12462693 0.10231829 0.12712845
 0.09350449 0.10335714 0.09172554 0.08081893 0.11655569 0.11347088
 0.1164249  0.09882064 0.09537263 0.09972838 0.10054042 0.12446476
 0.15164974 0.08939157 0.08696616 0.09438878 0.10324831 0.10552295
 0.07293761 0.12386631 0.09245693 0.12427127 0.12495343 0.1058987
 0.06552916 0.09425233 0.09486765 0.10778372 0.09550118 0.1127152
 0.07091903 0.10354906 0.06708857 0.09349124 0.10863893 0.11722223
 0.11374514 0.10068247 0.08684573 0.09370451 0.07983918 0.10763099
 0.08780693]
[-0.11603388 -0.0869653  -0.09782605 -0.11518636 -0.15371223 -0.11601523
 -0.10273299 -0.11569001 -0.10593092 -0.08202095 -0.11291914 -0.0968097
 -0.0713751  -0.13576582 -0.15455852 -0.0771056  -0.12264138 -0.09434263
 -0.08263355 -0.10656674 -0.12080842 -0.07400155 -0.10481636 -0.0810807
 -0.13127582 -0.09050759 -0.08470068 -0.12554264 -0.14039478 -0.09437381
 -0.114095   -0.09888259 -0.16838655 -0.14671606 -0.0954477  -0.09159217
 -0.12177175 -0.07398064 -0.09914636 -0.11305908 -0.12209193 -0.10213143
 -0.09169171 -0.08781339 -0.08365706 -0.10381581 -0.09515713 -0.09764227
 -0.10966641 -0.10307334 -0.08216219 -0.07176911 -0.12914795 -0.10586904
 -0.11456196 -0.09698483 -0.09536362 -0.09396522 -0.08498745 -0.13058831
 -0.09364648 -0.13019902 -0.08041388 -0.09827948 -0.11123998 -0.10510445
 -0.09400709 -0.08677014 -0.09391999 -0.11140206 -0.11565394 -0.11825971
 -0.0885919  -0.12246447 -0.09454302 -0.11469972 -0.13186477 -0.10101736
 -0.10219969 -0.10493705 -0.12028909 -0.09482477 -0.09127265 -0.1220284
 -0.0804968 ]
[24 52 45 58 46 58 24 79 29 45 58 46 52 52 24 50 46 79 45 45 45 52 45 24
 46 45 59 79 45 24 35 45 40 32 24 24 40 61 35 61 52 24 24 61 61 24 24 24
 24 76 58 81 24 24 24 24 61 24 58 52 46 58 35 45 52 45 56 46 46 24 78 61
 56 61 45 58 46 45 76 79 81 35 79 35 45]
[0.07906861 0.09188201 0.07747538 0.11785153 0.16554238 0.09789066
 0.10055953 0.11777208 0.07854689 0.08575124 0.08258788 0.10877343
 0.07614712 0.09141203 0.12825076 0.082165   0.10472152 0.07107176
 0.05638532 0.10431097 0.16079803 0.08575264 0.07454552 0.09609731
 0.08786425 0.09303283 0.0674375  0.11686367 0.11057552 0.08986822
 0.09863306 0.11413471 0.11012767 0.10899265 0.09129883 0.10537479
 0.08080222 0.08565747 0.09327517 0.0957982  0.11118275 0.13077077
 0.10992837 0.11500756 0.07768985 0.10192859 0.08950954 0.13030449
 0.08595052 0.07658843 0.08843159 0.07481021 0.11103747 0.12957674
 0.11592346 0.07563452 0.10005214 0.14046253 0.08399378 0.1072622
 0.08933391 0.07974483 0.08419085 0.11191983 0.09909721 0.12093385
 0.07444504 0.10741007 0.07484466 0.08615258 0.09042118 0.09319805
 0.09344175 0.09977954 0.07494322 0.10815687 0.10378893 0.11456092
 0.11306108 0.08943691 0.11999553 0.09767771 0.0917992  0.09902431
 0.07736899]
[-0.07605535 -0.11299401 -0.087218   -0.09205175 -0.14459719 -0.08601528
 -0.09291395 -0.11615314 -0.06946171 -0.07939811 -0.08475516 -0.10741536
 -0.0719576  -0.09807202 -0.10893217 -0.08827106 -0.09170583 -0.11149503
 -0.05943165 -0.10663673 -0.16364868 -0.11984057 -0.09096927 -0.10325754
 -0.09770732 -0.08347741 -0.06284921 -0.13757934 -0.11997765 -0.09294424
 -0.11850549 -0.07202549 -0.09760736 -0.1084891  -0.10073615 -0.09862944
 -0.12119628 -0.07732637 -0.13632022 -0.08912349 -0.10265709 -0.12522718
 -0.08463824 -0.10500935 -0.07676525 -0.07647647 -0.10618451 -0.10010019
 -0.08963986 -0.09964275 -0.07444559 -0.071978   -0.09928349 -0.08192807
 -0.09495586 -0.09457524 -0.07878216 -0.11714809 -0.0913385  -0.1065343
 -0.13639511 -0.08499172 -0.09963797 -0.07969785 -0.11555046 -0.11350327
 -0.07155201 -0.08285283 -0.06657819 -0.08339448 -0.10381021 -0.1072389
 -0.06316849 -0.08604966 -0.05650872 -0.10533474 -0.11794136 -0.09835052
 -0.10385849 -0.09536184 -0.06188079 -0.1104676  -0.09928301 -0.09508937
 -0.07858636]
[19 41  5 80 20 42 34 21 15 20 60 20 31 20 41 41 20 20 83  5  4 20 42 20
  5 41 44 19 42 41 20 41 82 82 20 20  4 20 30 41 82 41 20  5 41  5 41 20
 21 82 60  2 20 20 41 16 60 20 28  5  5 21 30 20 80  4 21 16 82 21 20 20
 16 20 24 20 20 41 21 19  5  5  5  5  4]

[0.0655584  0.08692396 0.09771776 0.1081483  0.12739918 0.13044672
 0.08087223 0.11052231 0.09977208 0.08911676 0.12760927 0.08224049
 0.07416657 0.10858198 0.1322595  0.09999637 0.11518072 0.11294317
 0.0717242  0.13498515 0.16300267 0.08352569 0.11527738 0.08759312
 0.13690579 0.08250851 0.07307155 0.12457284 0.14321677 0.08618709
 0.0905709  0.11988126 0.10605796 0.11378816 0.08863026 0.08154251
 0.11830218 0.07338843 0.1170966  0.11174078 0.09735073 0.09794042
 0.1003261  0.10385766 0.0860505  0.10359153 0.08653334 0.09795059
 0.10998119 0.09302773 0.09782486 0.07551385 0.09527937 0.10592916
 0.12630287 0.08939018 0.08385531 0.08212618 0.12048257 0.11031145
 0.07657827 0.15207206 0.09499296 0.10599725 0.14386617 0.10099088
 0.08198112 0.10749854 0.11439184 0.1132274  0.10000424 0.10963819
 0.0916912  0.07428046 0.07433555 0.106533   0.12501985 0.10410105
 0.10001978 0.11104267 0.08351619 0.09405462 0.08966938 0.09743392
 0.09263862]
[-0.10867639 -0.09075645 -0.13634954 -0.17871074 -0.20755316 -0.14218397
 -0.12959337 -0.1568177  -0.13654181 -0.10880324 -0.12953922 -0.13152213
 -0.14263399 -0.20123592 -0.20462184 -0.11653967 -0.1854324  -0.16201691
 -0.11664765 -0.15056685 -0.16266043 -0.13086939 -0.14990589 -0.10786958
 -0.17844759 -0.12098763 -0.10286259 -0.16643089 -0.1727662  -0.1199494
 -0.13797192 -0.14375016 -0.22275054 -0.20079923 -0.1386203  -0.13868219
 -0.18739915 -0.11908877 -0.13110007 -0.14898339 -0.151736   -0.1311932
 -0.12865606 -0.10958854 -0.1191315  -0.14409737 -0.16128089 -0.12635465
 -0.13971315 -0.1542555  -0.1102498  -0.08724464 -0.17901085 -0.15329042
 -0.1438367  -0.12224258 -0.12374979 -0.14629781 -0.1139137  -0.14507216
 -0.10987186 -0.17108783 -0.1069028  -0.13560677 -0.18934853 -0.14531651
 -0.12991409 -0.12985432 -0.12441084 -0.14939362 -0.16979377 -0.17129901
 -0.11836633 -0.14774941 -0.131726   -0.17268702 -0.1705299  -0.15240851
 -0.13755822 -0.15274934 -0.1518976  -0.12367275 -0.14996256 -0.12369523
 -0.12138251]
[24 52 45 58 46 58  9 79 29 45 56  6 49 49 58 50 46 79 46 58 45 46 29 79
 49 58 59 79 45 24 79 45 46 32 46 45 79 49 35 45 52 51 46 46 49 56 46 46
 46 52 58 81 78 35  9 46 53  5 58 46 55 58 44 45 46 45 56 46 46 29 78 46
 56  1 42 58 46 45  9 79 81 21 79 35 79]
[0.08581408 0.09445849 0.09915831 0.148147   0.20033549 0.11050312
 0.10248104 0.11847132 0.09759167 0.10708877 0.09309325 0.12786555
 0.07550258 0.11928844 0.14683984 0.07617281 0.12998326 0.08929311
 0.05349646 0.13129486 0.1610392  0.10687446 0.09338005 0.12151943
 0.11635143 0.07934023 0.07499114 0.12089331 0.11977167 0.07716021
 0.12372299 0.119123   0.115789   0.12594673 0.11245585 0.13059148
 0.09538346 0.10107535 0.08496378 0.09635189 0.11964712 0.11096414
 0.1369215  0.13340183 0.08310299 0.13184813 0.10199206 0.15162608
 0.08664084 0.09124842 0.08543641 0.06465361 0.13831632 0.15337718
 0.11321806 0.08141673 0.10069628 0.16971795 0.07993082 0.13128877
 0.10917862 0.10506897 0.07881711 0.1422246  0.14123477 0.12394205
 0.0703266  0.10612679 0.08976565 0.09074845 0.11739501 0.1235974
 0.0970434  0.11822411 0.08996751 0.1406664  0.12735367 0.10332711
 0.11032703 0.11010671 0.14190416 0.10974136 0.11250756 0.11913453
 0.09833233]
[-0.06627215 -0.10009327 -0.09588946 -0.10970014 -0.16235444 -0.10026429
 -0.08760514 -0.11859494 -0.08323333 -0.09175852 -0.10509638 -0.12518093
 -0.09090778 -0.12272001 -0.11637858 -0.08617719 -0.12599641 -0.10726823
 -0.05905081 -0.11994239 -0.18576445 -0.13286701 -0.10522132 -0.10529019
 -0.10476    -0.07042585 -0.07709613 -0.12051563 -0.13654989 -0.07470819
 -0.10997155 -0.09196259 -0.11343586 -0.12785871 -0.10368919 -0.10692544
 -0.1318983  -0.08811601 -0.1232597  -0.08723263 -0.11387899 -0.15782885
 -0.10097796 -0.11380985 -0.07147494 -0.09693667 -0.1410649  -0.11891311
 -0.09504603 -0.09712602 -0.08783383 -0.08702239 -0.0978912  -0.08708462
 -0.10841425 -0.11032816 -0.08761767 -0.1314892  -0.08745655 -0.11743321
 -0.15409549 -0.10675184 -0.08965217 -0.10130788 -0.15072165 -0.12574376
 -0.08781877 -0.09290358 -0.06378894 -0.08032672 -0.11867151 -0.13553025
 -0.07779188 -0.08136357 -0.0637187  -0.1179214  -0.1409791  -0.09018775
 -0.11031695 -0.09662861 -0.07563414 -0.09847537 -0.09641486 -0.09683691
 -0.10040829]
[20  5  5 80 20  5 34 21 15 20 80 20 31 20 20 41 20 20 80  5  4 20  5 20
 80 21 82 19 40 41 20 20 82 82 20 20 20 20 42 79 82 20 20  5 20  5  5 20
 21 82 60 16 20 20 20 80 60 20 16  5  5 20 12 20 80  4 21 16 82 20 20 20
 16 20  5 20 20 80 21 80  5  5  5  5 20]

