[0.07469974 0.11175099 0.07819973 0.11764411 0.10439303 0.13772681
 0.11809569 0.09773844 0.0856946  0.09120743 0.15694277 0.11052816
 0.09876437 0.1284849  0.07728191 0.09803921 0.08063567 0.16042736
 0.14489043 0.08711624 0.10121429 0.05023108 0.11014424 0.09607367
 0.10926242 0.12014347 0.0990112  0.14403574 0.16709885 0.07892212
 0.09112638 0.1026262  0.11538455 0.12107904 0.13383223 0.08154071
 0.08849046 0.12773286 0.08111613 0.11726308 0.10283932 0.1114786
 0.13990262 0.10497394 0.09074469 0.08794972 0.07942399 0.10983427
 0.11767066 0.06156646 0.14151786 0.0848142  0.12987615 0.08755244
 0.1160331  0.06518593 0.09736858 0.08889941 0.11049777 0.10983528
 0.07098275 0.08424605 0.08787462 0.1075088  0.08600287 0.1326214
 0.13227804 0.09560308 0.10749201 0.08000011 0.10274887 0.09921849
 0.06694975 0.07308879 0.11108367 0.06092957 0.1439845  0.08372726
 0.12737633 0.1123098  0.07431372 0.10006825 0.09586704 0.1263191
 0.12703267]
[-0.11417963 -0.15937728 -0.13821644 -0.17800407 -0.16398309 -0.14241134
 -0.17382501 -0.13382384 -0.09855004 -0.13133247 -0.1649612  -0.12773801
 -0.13823172 -0.1588377  -0.13508558 -0.11928599 -0.09849554 -0.23856375
 -0.13496923 -0.15079443 -0.12051088 -0.13674675 -0.17375247 -0.13433734
 -0.12700291 -0.18059033 -0.15915166 -0.19481437 -0.21056248 -0.11976314
 -0.1658203  -0.13826717 -0.12768935 -0.14974537 -0.14600143 -0.12270459
 -0.11487255 -0.17143841 -0.12134473 -0.16777502 -0.13713627 -0.1501007
 -0.15830995 -0.09164975 -0.10628811 -0.10396625 -0.12100882 -0.12809831
 -0.16875719 -0.09301717 -0.19832069 -0.13431059 -0.13288377 -0.18351755
 -0.14196457 -0.11315496 -0.1423118  -0.09648627 -0.11126535 -0.14076486
 -0.15874611 -0.13143785 -0.13000499 -0.13003407 -0.14349954 -0.17585717
 -0.13736556 -0.12502818 -0.1401991  -0.11992525 -0.15709887 -0.18102472
 -0.12502089 -0.12655783 -0.162964   -0.119233   -0.18723907 -0.0993338
 -0.2011852  -0.15245728 -0.12111216 -0.15332869 -0.12878607 -0.14780378
 -0.14197017]
[17  1 31 31 71 55 17 66 55 71 31 50 17 41 55 31 17 71 41 56 55 66 21  1
 17 31 64 71 71 49 17  1 71 56 17 26 41 17 21 55 55 17 17 55 64 17  1 17
 55 55 55 30 71 64  1  6 17 55 55 55 21 31 64 66 55 31 48 18 56 31 41 21
 55 69 56 21 55 64 30 55 55  1 55 55 64]
[0.13490461 0.14238618 0.11468559 0.13625416 0.09011135 0.15794706
 0.12496161 0.1251981  0.09648377 0.10816962 0.13533294 0.12265685
 0.11309033 0.133721   0.12653047 0.10185797 0.08989819 0.15040097
 0.14527026 0.11765164 0.1267201  0.10482145 0.13412097 0.12069106
 0.09607424 0.11584293 0.0916198  0.1605979  0.14087817 0.12110726
 0.11488549 0.11627953 0.12911004 0.14470516 0.14103661 0.10117283
 0.11503927 0.1355528  0.1185144  0.13863574 0.11937836 0.11626633
 0.12952128 0.09982793 0.08723281 0.1012526  0.1092898  0.15259148
 0.12505941 0.09240083 0.14291309 0.10151254 0.1652235  0.12883292
 0.1333689  0.08689436 0.1456806  0.09221158 0.10325499 0.10876684
 0.12259807 0.11423822 0.10335529 0.1443312  0.10033703 0.15411168
 0.10338768 0.13309237 0.12919854 0.10218387 0.15141945 0.13312787
 0.10352799 0.11529247 0.15595111 0.09303658 0.13921666 0.11477698
 0.1623042  0.13052492 0.10922938 0.10510983 0.10227662 0.12887111
 0.1599232 ]
[-0.10297951 -0.13672176 -0.1328721  -0.12406873 -0.10269847 -0.11748121
 -0.14501938 -0.10038985 -0.09454075 -0.11852122 -0.13883932 -0.09900332
 -0.09718538 -0.12108383 -0.11015613 -0.11800867 -0.0674066  -0.16425626
 -0.1213823  -0.11643817 -0.10362033 -0.10511515 -0.11277129 -0.09034973
 -0.06843107 -0.14692715 -0.13338818 -0.12674272 -0.16949975 -0.11707693
 -0.12603724 -0.10187583 -0.11109626 -0.1449634  -0.11158103 -0.11738004
 -0.1129237  -0.12429812 -0.09178463 -0.12449569 -0.11009314 -0.10216649
 -0.14847416 -0.07543445 -0.1438234  -0.07974003 -0.09286354 -0.12864397
 -0.10939991 -0.06711806 -0.128564   -0.13055596 -0.1291494  -0.13042147
 -0.13683806 -0.09492783 -0.10481093 -0.07715937 -0.06739372 -0.1271008
 -0.11930963 -0.09640776 -0.10926251 -0.1459597  -0.10311503 -0.14226432
 -0.10918202 -0.10103771 -0.11823662 -0.11813435 -0.144945   -0.09697301
 -0.08962028 -0.10861402 -0.09432168 -0.09582224 -0.14542656 -0.08648114
 -0.23401494 -0.09974489 -0.08524921 -0.11837707 -0.10297324 -0.13262278
 -0.15138896]
[83 15  0 12 21 20 16 34 16 12 82 35  0 12 72 16 15 83 12 83 21 39 35 82
 72 12 12 12  0 12 12 39 12 12  0 74 81 12 12 34 26 81 12 39 16 12 83 12
 12 39 12 81 39 12 58 81 19 39 39 20 12 39 81 73 73 12  2 21 82 83 12 12
 21 39 81 12  0 35 12  0 39 39  0 12 12]

[0.09658357 0.10934585 0.08781037 0.14673667 0.1151165  0.12833509
 0.1346475  0.12801732 0.15952702 0.14358178 0.13450994 0.19163781
 0.1383197  0.15050375 0.11662245 0.10253523 0.14406064 0.15524182
 0.11279991 0.14594425 0.130446   0.12909296 0.0857558  0.12591134
 0.14074665 0.1001534  0.09996468 0.13104263 0.10955758 0.11543597
 0.10935552 0.1966335  0.1029199  0.14744884 0.1511866  0.0746535
 0.10382214 0.12565611 0.1860131  0.09125623 0.14664847 0.1190502
 0.13340315 0.09438818 0.09373786 0.12060183 0.18909372 0.11719349
 0.1413755  0.151009   0.17236273 0.16633905 0.15511793 0.13905962
 0.14857605 0.11198656 0.10782099 0.09595366 0.09706137 0.11083543
 0.18715395 0.09729416 0.16848993 0.12118642 0.11274812 0.15544216
 0.11310862 0.11583591 0.07699807 0.12026874 0.11313368 0.10333903
 0.10356575 0.10482628 0.12901586 0.12246308 0.10868923 0.13682915
 0.14857757 0.19567434 0.13884977 0.18357037 0.10989577 0.11265825
 0.14390521]
[-0.16141157 -0.11376914 -0.15284595 -0.20472015 -0.2630821  -0.13151617
 -0.19317387 -0.21895058 -0.1471191  -0.21254654 -0.17889148 -0.23997326
 -0.22869702 -0.23509692 -0.1984505  -0.18555565 -0.19476923 -0.19171813
 -0.1578     -0.1626212  -0.17850897 -0.19725066 -0.14227414 -0.15351984
 -0.14051698 -0.12402698 -0.14019859 -0.20561755 -0.09934923 -0.16058159
 -0.13390946 -0.19920596 -0.15914674 -0.1968735  -0.18712644 -0.11178296
 -0.1350803  -0.13062604 -0.15118328 -0.22827712 -0.12675218 -0.11940698
 -0.15983053 -0.12998109 -0.14164661 -0.18545702 -0.26544347 -0.2047415
 -0.13385946 -0.14951068 -0.25175476 -0.25707898 -0.16438767 -0.15999258
 -0.2465535  -0.16434108 -0.11629421 -0.15331256 -0.12628412 -0.11884928
 -0.21458922 -0.16508058 -0.16744033 -0.1755598  -0.18370011 -0.1976685
 -0.22851776 -0.1469728  -0.10485023 -0.16978516 -0.17610994 -0.15711056
 -0.14052126 -0.13319376 -0.20319325 -0.18633075 -0.17543212 -0.16878892
 -0.19002643 -0.22128177 -0.1731093  -0.14047982 -0.1489306  -0.1654661
 -0.22833107]
[24 78 73 24 62 63 24 63 63 63 73 63 63 63 24 50 27 63 24 63 56 63 63 66
 66 56  3 24 63  5 66 66 56 66 63 56 39  7 63 56 66 66 66 63 27 13 66 24
 63 63 66 66 27 24 63 63 63 62 47 50 63 24 66 24 71 63 24 66 13 63 63 66
 66 66 24 66 24 66  5 63 63 63 37 62 66]
[0.14377713 0.10081043 0.09761021 0.15867399 0.12141836 0.12982626
 0.13232896 0.1340674  0.08796261 0.12643808 0.12534526 0.14983508
 0.12113459 0.13386507 0.12772709 0.09580465 0.13427779 0.1366864
 0.13021751 0.1072437  0.10269606 0.12351134 0.10781352 0.09594599
 0.10933404 0.09981483 0.10116713 0.14551134 0.08923399 0.13128705
 0.14878003 0.11477712 0.09544356 0.13747104 0.12555039 0.0884408
 0.11298548 0.15221962 0.17208312 0.11346102 0.15485065 0.16758257
 0.13923845 0.10779375 0.13461213 0.13830264 0.17565492 0.11936302
 0.13149105 0.12634288 0.14734143 0.13467114 0.13822937 0.11910417
 0.16567667 0.11969642 0.13218312 0.10631377 0.12437396 0.1068258
 0.12313563 0.10938563 0.18195677 0.12049544 0.12136471 0.11321172
 0.17171793 0.10796916 0.08269634 0.08900377 0.14054918 0.13821922
 0.08932909 0.14073902 0.17682031 0.1448163  0.15479782 0.14436133
 0.12565826 0.1755727  0.15906866 0.13016576 0.11350805 0.10954031
 0.17265907]
[-0.08382797 -0.1277017  -0.10487913 -0.12689334 -0.1879345  -0.09215573
 -0.10522894 -0.08461607 -0.09865385 -0.13821834 -0.12502922 -0.10633018
 -0.13932773 -0.12197614 -0.09641612 -0.09996317 -0.1370916  -0.13127181
 -0.07909328 -0.08519343 -0.09325489 -0.09112041 -0.09974597 -0.07538667
 -0.11690093 -0.09842447 -0.1019389  -0.09491438 -0.08879526 -0.11320109
 -0.09951868 -0.09277625 -0.11183346 -0.13977166 -0.13480404 -0.06584784
 -0.09079855 -0.13066958 -0.11816318 -0.1521786  -0.08192984 -0.10027555
 -0.13139662 -0.07956527 -0.08956379 -0.10105108 -0.16033511 -0.10437915
 -0.10718981 -0.07913612 -0.17344607 -0.13698591 -0.12605132 -0.09600066
 -0.14175436 -0.11570424 -0.10860863 -0.08409729 -0.10635176 -0.10976475
 -0.12026571 -0.08922785 -0.13978241 -0.10050221 -0.15225644 -0.09848011
 -0.10608964 -0.11834266 -0.11461941 -0.08620059 -0.11334162 -0.11727373
 -0.08526475 -0.11558445 -0.10198539 -0.09927094 -0.11803554 -0.10908417
 -0.15940051 -0.13428152 -0.0931215  -0.15935409 -0.08133496 -0.09059294
 -0.11210832]
[25 25 29 37 46 37 22 37 48 22 80 21 54 54 29 27 25 83 25 25 29 54 33 29
 80 35 54 21 22 37 25 83 54 22 25 22 22 70 74 54 80 54 34 40 25 70 83 65
 40 25 25 54 48 25 40 74 22 21 33 21 21 37 25 45 25 37 29 28 37 80 54 29
 29 25 25 54 54 54 25 74 54 22 37 46 54]

[0.12678578 0.16929457 0.11439482 0.20357814 0.19532026 0.17517267
 0.18573514 0.1880149  0.22113357 0.21858123 0.16180621 0.26549798
 0.20441948 0.21083286 0.14415178 0.16111438 0.22238418 0.21799237
 0.15324563 0.19735497 0.1656247  0.18574123 0.14963348 0.18481714
 0.20102637 0.15769112 0.14771919 0.16071127 0.16360801 0.15778543
 0.17673908 0.25535542 0.14454524 0.21890856 0.17838489 0.12481928
 0.1549133  0.16961029 0.25809744 0.15486562 0.20256408 0.17551968
 0.2097493  0.134933   0.151774   0.17725646 0.27328426 0.14402647
 0.20096838 0.19951119 0.23725031 0.23180965 0.18190323 0.16141024
 0.21976759 0.16957809 0.17962305 0.17514172 0.11976973 0.18403193
 0.24571404 0.12361895 0.24157998 0.15672597 0.17793126 0.23254111
 0.16489236 0.17633672 0.10427722 0.16695844 0.16223058 0.16842268
 0.14538816 0.14477667 0.15610415 0.18386388 0.16157643 0.1965098
 0.14946681 0.2523826  0.20848343 0.25027573 0.17956199 0.17176688
 0.19511488]
[-0.28826612 -0.23841004 -0.32338467 -0.43184093 -0.42593727 -0.29287913
 -0.39300182 -0.42410207 -0.30210403 -0.40341687 -0.38502708 -0.4495919
 -0.42012072 -0.37268165 -0.3505798  -0.37124524 -0.42167276 -0.40543768
 -0.33286804 -0.30177873 -0.29871798 -0.32496834 -0.36494365 -0.34578454
 -0.34767365 -0.26861033 -0.32298464 -0.36610478 -0.27477235 -0.2886102
 -0.29949468 -0.3994403  -0.36625445 -0.42015073 -0.32070407 -0.25149548
 -0.2629894  -0.28315616 -0.35144266 -0.37694076 -0.293424   -0.34746075
 -0.33180055 -0.2711002  -0.34839255 -0.3905059  -0.5142282  -0.39418817
 -0.32817674 -0.28675702 -0.4428204  -0.47553015 -0.317635   -0.31137645
 -0.4702741  -0.35297292 -0.2966381  -0.32464668 -0.3060524  -0.27716315
 -0.3479439  -0.30663317 -0.37934703 -0.3647473  -0.33667603 -0.42880017
 -0.37932697 -0.35503972 -0.24318522 -0.33325052 -0.336472   -0.32837284
 -0.27943307 -0.26888064 -0.3714071  -0.3752543  -0.3799675  -0.36718565
 -0.32997245 -0.41052806 -0.40526935 -0.28950188 -0.3292427  -0.35913512
 -0.42083788]
[66 78 66 66 62 63 75 62 63 75 66 63 63 63 24 50 37 63 66 63 56 63 50 66
 78 37 78 66 63 37 66 66 56 66 63 63 66 62 63 75 66 66 66 63 66 62 66 37
 63 63 75 75 27 24 63 37 63 62 75 50 63 66 66 78 78 63 66 66 59 63 63 66
 66 66 66 66 66 66  5 63 63 63 37 62 66]
[0.16219689 0.12373935 0.14281347 0.19100808 0.16171962 0.16735739
 0.15426871 0.17494097 0.13955839 0.18981494 0.17300947 0.17578927
 0.17842615 0.18147984 0.17482346 0.1360769  0.18664417 0.18027495
 0.14249961 0.11692192 0.14620145 0.16728725 0.16927198 0.14280541
 0.1477949  0.11963995 0.14111686 0.18042473 0.13207357 0.16442436
 0.15794106 0.14458188 0.15236986 0.18543842 0.16386616 0.09408862
 0.1259142  0.18344624 0.24028786 0.14720576 0.15657088 0.21266268
 0.19359228 0.13294226 0.1641958  0.17393784 0.2362412  0.15573235
 0.15716188 0.15395004 0.18431732 0.18587184 0.18285741 0.1571131
 0.20479074 0.18519725 0.17716855 0.14121021 0.1850219  0.12715462
 0.15919448 0.14074709 0.21424975 0.15571459 0.13881294 0.15289152
 0.23010355 0.13797869 0.11862649 0.13199379 0.17800243 0.18993504
 0.13045645 0.15685637 0.20526025 0.1957696  0.20369937 0.20910642
 0.14300165 0.22642392 0.20372014 0.14808635 0.13488592 0.14329942
 0.21774785]
[-0.11766978 -0.13208625 -0.15792662 -0.17214309 -0.23161732 -0.13011846
 -0.14957677 -0.12618224 -0.17183739 -0.1931136  -0.16307448 -0.17651469
 -0.19163606 -0.1708811  -0.13193245 -0.16918246 -0.14692995 -0.19566031
 -0.12085705 -0.11697653 -0.11313572 -0.14273217 -0.14393814 -0.12267289
 -0.12766278 -0.0997411  -0.1045832  -0.1357135  -0.12928805 -0.13008955
 -0.14699061 -0.13129212 -0.15080309 -0.19588734 -0.13429858 -0.09885284
 -0.09248733 -0.13030124 -0.16352761 -0.18788098 -0.11315659 -0.13382126
 -0.14280401 -0.10116635 -0.12908429 -0.14453568 -0.21514414 -0.1365228
 -0.13491762 -0.09110314 -0.21361707 -0.19265014 -0.17989737 -0.11348886
 -0.21515635 -0.14112982 -0.16518554 -0.1382974  -0.13325478 -0.15994601
 -0.16676395 -0.11979855 -0.18310854 -0.13591233 -0.1943727  -0.1387708
 -0.13123211 -0.16655156 -0.07966729 -0.13999362 -0.14359035 -0.17012031
 -0.12663713 -0.15026604 -0.13673614 -0.14361572 -0.1564891  -0.15562727
 -0.14534818 -0.1711438  -0.14080061 -0.20325895 -0.14868551 -0.1297896
 -0.16263542]
[25 65 29 29 46 74 29 29 33 33 29 65 54 54 29 33 29 33 25 25 29 54 33 29
 54 22 54 29 33 29 25 65 54 33 54 22 22 32 74 33 80 54 29 40 74 70 33 74
 40 54 29 54 33 29 33 74 74 29 33 21 74 29 29 33 46 33 29 54 29 33 54 29
 33 25 29 54 54 54 75 74 54 22 37 46 54]

[0.13665189 0.1806332  0.12762322 0.21982212 0.21419594 0.189457
 0.20118769 0.20421562 0.23626496 0.2332434  0.18274868 0.28420982
 0.21861665 0.22452694 0.15277436 0.1697681  0.24297182 0.23551503
 0.16638106 0.21015026 0.17864501 0.19706143 0.16265634 0.19651845
 0.21998583 0.17394637 0.15758528 0.1723552  0.18096341 0.17301503
 0.19293597 0.26965824 0.15957338 0.23547128 0.18679439 0.14712384
 0.16889057 0.18394876 0.2722645  0.16985865 0.2143901  0.18812099
 0.22713235 0.14713952 0.16476355 0.19599746 0.2925949  0.16133168
 0.21477918 0.2073114  0.25143278 0.25332734 0.19368905 0.16991612
 0.23733202 0.18898287 0.19516857 0.19319525 0.13683362 0.19725494
 0.25795564 0.13791929 0.26005176 0.17136757 0.19448403 0.25208375
 0.18079229 0.19222118 0.11268912 0.17766474 0.1749726  0.18306024
 0.15615971 0.15658301 0.1709529  0.19947724 0.17268111 0.21131878
 0.15465853 0.2664621  0.22223973 0.2683279  0.19472861 0.18789752
 0.2066351 ]
[-0.32612133 -0.27525547 -0.36766213 -0.4820679  -0.47560003 -0.3331425
 -0.4375608  -0.47070178 -0.3472949  -0.44967052 -0.44086364 -0.49671927
 -0.47218236 -0.41430324 -0.39448678 -0.4128082  -0.47545245 -0.45464018
 -0.37402722 -0.33806384 -0.33770442 -0.36606628 -0.4160328  -0.3884198
 -0.39265314 -0.30813137 -0.362459   -0.40508    -0.3168198  -0.32987282
 -0.34420744 -0.4464238  -0.41563287 -0.471206   -0.35718292 -0.29519454
 -0.30118692 -0.32242647 -0.39665347 -0.42245114 -0.32885194 -0.3988451
 -0.3823521  -0.30484548 -0.39543533 -0.4420548  -0.57110935 -0.43910316
 -0.37467676 -0.3240694  -0.48664945 -0.527473   -0.361254   -0.35220438
 -0.5236675  -0.3982566  -0.3442531  -0.37107423 -0.3478652  -0.316316
 -0.38981894 -0.34625465 -0.42854008 -0.4110563  -0.3835143  -0.4781516
 -0.4252774  -0.40392333 -0.2858291  -0.3704189  -0.38193738 -0.3739449
 -0.3191843  -0.3042544  -0.4166115  -0.42406037 -0.42494008 -0.41882014
 -0.37062687 -0.45756847 -0.453983   -0.3351865  -0.3683019  -0.40312672
 -0.4637577 ]
[66 78 66 66 62 63 75 62 63 75 66 63 63 63 24 50 37 63 66 63 56 63 50 66
 78 37 78 66 63 37 66 66 56 66 63 63 66 62 63 75 66 66 66 63 66 62 66 37
 63 63 75 75 27 24 37 37 63 62 75 50 63 66 66 78 78 63 66 66 66 66 63 66
 66 66 66 66 66 66  5 63 63 63 37 62 66]
[0.18987918 0.14686471 0.17824546 0.23015231 0.19880696 0.19758782
 0.19232868 0.2145366  0.17355165 0.23081882 0.22019133 0.20575419
 0.22582354 0.22314556 0.20701948 0.1703829  0.2298226  0.21706085
 0.16464913 0.13811177 0.18077724 0.20772219 0.21142358 0.17051825
 0.18617588 0.1372404  0.17797342 0.21015131 0.1700496  0.19801553
 0.19084425 0.17185469 0.2038267  0.22488393 0.20178218 0.11481398
 0.16363515 0.2125396  0.28646037 0.18110894 0.17300126 0.25772464
 0.23676346 0.1508998  0.21027958 0.21434268 0.2854138  0.1992115
 0.17734459 0.19154347 0.22078308 0.2359777  0.21985202 0.18516791
 0.24634019 0.22701885 0.21701817 0.17568201 0.22200918 0.14959744
 0.20030089 0.16999039 0.2604007  0.19323933 0.16948493 0.1908222
 0.27481478 0.18164779 0.14952826 0.1650434  0.21335311 0.2282068
 0.16360417 0.17602073 0.24298112 0.24088448 0.24700753 0.25272372
 0.17602223 0.26896366 0.25043467 0.16866359 0.1601951  0.17365788
 0.25740647]
[-0.15202236 -0.16344213 -0.19826862 -0.21437444 -0.2762405  -0.16107638
 -0.18599632 -0.16380706 -0.21384388 -0.23466903 -0.21191373 -0.22002305
 -0.22918709 -0.20456849 -0.164493   -0.21002318 -0.19134843 -0.23530331
 -0.15898922 -0.1405291  -0.14319284 -0.1854277  -0.18949638 -0.14629932
 -0.15892735 -0.1258792  -0.13982105 -0.17353417 -0.16443993 -0.16553704
 -0.17871416 -0.16564064 -0.19100572 -0.24437782 -0.16278769 -0.12750685
 -0.11957029 -0.1440178  -0.19861887 -0.21748513 -0.14160243 -0.17262936
 -0.18182486 -0.1286997  -0.1675377  -0.19664407 -0.26677206 -0.16949865
 -0.17957865 -0.12350438 -0.24108641 -0.23062384 -0.22539857 -0.13554433
 -0.25064614 -0.17153496 -0.21204916 -0.1812038  -0.17684022 -0.19367203
 -0.20873949 -0.15911143 -0.22761719 -0.17774048 -0.23302574 -0.17807919
 -0.17025428 -0.20462018 -0.11128728 -0.17899162 -0.18270284 -0.20639306
 -0.16868296 -0.17825006 -0.17393763 -0.18429363 -0.18936586 -0.19025224
 -0.17914619 -0.215071   -0.17998037 -0.23950073 -0.18290973 -0.1478144
 -0.20693895]
[25 65 29 29 46 74 29 29 33 33 29 33 54 54 29 33 29 33 25 25 29 54 33 29
 54 22 54 29 33 29 29 65 54 33 54 29 54 32 74 33 29 54 29 40 74 29 33 74
 40 54 29 54 33 29 33 74 74 29 33 29 74 29 29 33 46 33 29 54 29 33 54 29
 33 25 29 54 54 54 54 74 54 22 54 46 54]

[0.16547555 0.21811071 0.16455786 0.2610188  0.27384526 0.21789747
 0.24893765 0.2523465  0.27254084 0.27844647 0.23701316 0.328851
 0.26981348 0.25524625 0.18902166 0.2082513  0.30251262 0.27584985
 0.20885019 0.24306796 0.21598229 0.23070036 0.21094805 0.23372644
 0.27641878 0.21638225 0.1918146  0.20118065 0.22100037 0.2188918
 0.23480445 0.30773768 0.19997042 0.27925685 0.21590377 0.18723412
 0.20761268 0.23493046 0.3105239  0.21741769 0.24529648 0.23169585
 0.27894986 0.17672756 0.19852416 0.25802153 0.3455531  0.20681167
 0.25296715 0.23460233 0.29756415 0.30657312 0.23414738 0.18385114
 0.29709876 0.24302122 0.23227945 0.24688272 0.18229182 0.24073595
 0.29044136 0.17435046 0.30804092 0.21772064 0.24600548 0.2922454
 0.22038908 0.23649612 0.14830247 0.21097107 0.20378895 0.22140734
 0.18571483 0.1896297  0.22250164 0.2420936  0.2033194  0.25796035
 0.17568144 0.30289075 0.2607048  0.30582994 0.2370469  0.23682949
 0.2499855 ]
[-0.44610673 -0.3961892  -0.505964   -0.64058924 -0.62475145 -0.46464732
 -0.58396685 -0.61538076 -0.4857579  -0.5989125  -0.618902   -0.6533195
 -0.6418315  -0.5470246  -0.53778136 -0.55029106 -0.6425976  -0.61187595
 -0.50090724 -0.4584755  -0.4571528  -0.4924876  -0.5812173  -0.5281204
 -0.5376235  -0.43708333 -0.49173465 -0.52789557 -0.44708875 -0.4661094
 -0.48659158 -0.5979554  -0.56113607 -0.63552964 -0.47926912 -0.42645234
 -0.42263797 -0.46446735 -0.5453934  -0.56026316 -0.44195428 -0.5603312
 -0.54633486 -0.4112759  -0.5477565  -0.61069936 -0.7529811  -0.58159965
 -0.5259644  -0.44930127 -0.63370967 -0.69256395 -0.500003   -0.48151088
 -0.6970617  -0.5445988  -0.49061504 -0.51943403 -0.48146787 -0.43987682
 -0.5227805  -0.4722246  -0.58593994 -0.556953   -0.53315717 -0.6385454
 -0.5711098  -0.5603635  -0.42195258 -0.5014697  -0.5236126  -0.51649076
 -0.44821048 -0.4184817  -0.56253105 -0.582494   -0.5705174  -0.5924611
 -0.4967671  -0.6165898  -0.6158901  -0.47296995 -0.49562424 -0.53950125
 -0.609978  ]
[66 78 56 66 62 63 75 62 63 75 66 63 75 63 66 50 37 63 37 63 56 63 50 66
 78 37 78 66 63 37 66 66 56 66 63 37 66 62 63 75 66 75 66 63 66 62 66 37
 63 63 75 75 62 24 37 37 63 62 75 50 63 66 66 78 78 63 66 66 66 66 63 66
 66 66 37 66 66 66 50 63 63 63 37 62 37]
[0.2202523  0.17140685 0.2259218  0.28040242 0.24204466 0.23424439
 0.24029766 0.263909   0.21341984 0.27867496 0.28306454 0.25819325
 0.28319737 0.2713953  0.25183806 0.21337405 0.28303623 0.2628172
 0.19761555 0.17261495 0.2254825  0.2556292  0.2616179  0.21247958
 0.23230305 0.16713588 0.2217451  0.24835181 0.21473731 0.24396837
 0.23979817 0.21305329 0.26216066 0.27230394 0.24851736 0.16154476
 0.20964289 0.25238594 0.33570808 0.22276427 0.2142131  0.31291306
 0.29500097 0.17401263 0.2612723  0.2701295  0.34199238 0.24770181
 0.22081625 0.23497762 0.27313587 0.29487273 0.263454   0.22784239
 0.30029473 0.2778577  0.2614337  0.22435276 0.2666706  0.19446674
 0.24649905 0.21074142 0.3175612  0.24288632 0.20885855 0.24084216
 0.33236906 0.23142102 0.19187894 0.20244817 0.25523162 0.27738705
 0.19987233 0.19881663 0.2923219  0.29766053 0.29827037 0.30958048
 0.22109197 0.31288844 0.3073888  0.19721483 0.19652253 0.20698681
 0.3082361 ]
[-0.19421366 -0.20165679 -0.2508979  -0.26720518 -0.32953486 -0.20226602
 -0.23012976 -0.20919575 -0.26795492 -0.2883715  -0.27428842 -0.27786463
 -0.28634718 -0.24755813 -0.20361242 -0.261743   -0.24522787 -0.28470904
 -0.20956494 -0.17927355 -0.18473944 -0.24078429 -0.25333387 -0.1910322
 -0.20258287 -0.16414994 -0.18263085 -0.22120588 -0.2158945  -0.20808347
 -0.22166799 -0.21033326 -0.23789907 -0.30678958 -0.21153308 -0.17328602
 -0.16396832 -0.18841085 -0.24517685 -0.26109502 -0.17530188 -0.22696678
 -0.2389018  -0.16288514 -0.22149818 -0.2567815  -0.33542287 -0.21862733
 -0.2256578  -0.17251477 -0.2871499  -0.2847341  -0.28341675 -0.17907001
 -0.3011518  -0.22054854 -0.26922637 -0.23799913 -0.23045781 -0.2352459
 -0.26050377 -0.209436   -0.28136146 -0.23386808 -0.28180236 -0.22996224
 -0.22780268 -0.25345173 -0.16387454 -0.22758219 -0.23501295 -0.25514737
 -0.22110164 -0.22064094 -0.22152568 -0.24547735 -0.23562081 -0.2430749
 -0.22843087 -0.27376556 -0.2349992  -0.28576726 -0.22502849 -0.1862393
 -0.26334605]
[25 65 29 29 46 74 29 29 33 33 29 74 54 54 29 33 29 33 74 33 29 54 33 29
 54 33 54 29 33 29 29 54 54 33 54 29 54 29 74 54 29 54 29 40 74 29 33 74
 29 54 29 54 33 29 33 74 74 29 33 29 74 29 29 54 46 54 29 54 29 33 54 29
 33 25 29 54 54 54 54 74 54 22 54 46 54]

